2
8
9
11
12
18
20
22
24
28
34
35
36
40
40
40
40
42
43
43
43
44
46
46
47
51
51
52
52
56
60
61
62
65
67
69
74
76
76
81
81
81
82
83
84
88
90
93
96
96
97
98
105
105
105
106
107
112
112
113
116
118
119
123
128
130
132
133
134
134
135
145
146
146
148
148
150
153
154
156
157
160
165
166
166
176
176
180
184
185
192
194
195
196
196
199
202
202
202
204
205
209
211
212
213
213
214
217
219
223
225
230
230
238
240
247
247
250
252
253
254
257
257
258
259
263
263
264
264
267
269
271
271
274
274
275
276
277
278
278
281
283
283
284
289
291
291
293
294
294
295
297
298
300
309
313
317
319
321
321
321
326
327
327
331
331
334
337
338
342
342
343
347
347
352
352
355
356
362
366
366
375
376
377
378
379
382
382
382
383
386
387
390
391
392
395
395
397
399
401
402
404
411
411
420
425
427
430
434
435
436
436
436
438
439
447
455
458
458
460
462
463
464
466
473
473
475
476
478
479
479
480
481
482
482
482
483
483
488
491
493
493
493
494
494
495
496
498
499
499
500
501
504
509
510
510
511
511
513
517
519
520
524
526
528
530
531
533
534
534
534
534
538
541
541
541
543
544
545
545
549
552
553
554
554
557
557
558
558
559
560
566
572
573
577
577
578
579
581
582
584
585
586
587
588
590
590
591
592
592
602
602
602
610
616
617
620
621
622
624
626
627
627
628
629
631
632
635
638
641
641
648
651
651
652
653
657
660
661
661
662
662
665
665
666
666
674
676
676
680
687
687
691
693
705
709
710
712
713
714
716
719
723
726
730
732
735
736
739
740
741
744
745
745
748
750
750
755
755
755
756
761
761
762
765
767
769
773
774
778
780
785
789
791
791
792
792
793
794
795
810
811
813
814
814
814
816
817
817
818
820
822
824
824
825
825
827
828
829
830
832
839
840
842
844
846
846
849
850
855
857
857
860
860
862
865
865
866
866
868
869
869
870
872
875
878
879
880
884
886
887
891
896
897
899
899
903
907
908
909
910
914
915
916
917
918
919
920
920
921
921
921
922
922
924
925
929
929
929
931
931
932
935
935
936
936
940
940
942
943
945
947
949
956
956
959
962
962
963
966
969
970
972
977
977
977
980
985
990
992
995
997
1002
1006
1007
1010
1011
1011
1017
1023
1023
1025
1027
1030
1030
1032
1035
1040
1041
1042
1045
1045
1045
1045
1050
1051
1052
1055
1058
1059
1060
1062
1062
1063
1065
1069
1070
1071
1071
1072
1078
1080
1082
1084
1086
1088
1089
1092
1093
1096
1098
1099
1101
1104
1110
1111
1113
1114
1115
1121
1122
1122
1124
1124
1124
1125
1131
1132
1138
1141
1143
1143
1145
1146
1148
1151
1159
1160
1165
1165
1167
1172
1176
1177
1177
1178
1181
1181
1184
1185
1185
1189
1189
1190
1190
1192
1194
1196
1197
1198
1200
1200
1201
1202
1203
1204
1205
1208
1208
1209
1213
1213
1213
1214
1216
1216
1219
1220
1223
1225
1228
1230
1230
1232
1235
1235
1238
1247
1249
1252
1253
1258
1258
1258
1265
1266
1267
1267
1269
1271
1275
1276
1276
1279
1279
1280
1284
1287
1288
1291
1291
1295
1297
1298
1299
1302
1302
1304
1304
1305
1310
1311
1311
1315
1315
1319
1321
1324
1325
1328
1330
1331
1332
1334
1334
1336
1338
1339
1340
1340
1341
1342
1347
1347
1347
1349
1350
1352
1353
1353
1357
1359
1361
1365
1366
1371
1372
1377
1377
1377
1380
1382
1383
1385
1387
1390
1390
1395
1402
1403
1403
1407
1411
1412
1413
1413
1415
1415
1416
1416
1419
1424
1426
1426
1427
1427
1429
1434
1435
1435
1437
1437
1438
1440
1441
1442
1442
1445
1446
1449
1450
1452
1453
1455
1457
1459
1461
1461
1461
1463
1463
1465
1467
1467
1468
1468
1468
1468
1469
1473
1474
1477
1477
1478
1484
1484
1486
1487
1488
1488
1489
1493
1496
1497
1499
1500
1503
1513
1516
1516
1517
1518
1519
1520
1521
1522
1524
1525
1527
1527
1533
1541
1543
1544
1548
1549
1550
1550
1551
1553
1558
1559
1559
1559
1561
1561
1563
1567
1568
1573
1575
1576
1578
1579
1581
1581
1583
1585
1586
1589
1589
1590
1592
1592
1592
1593
1593
1595
1596
1596
1597
1598
1598
1599
1608
1611
1612
1612
1618
1619
1626
1629
1633
1635
1636
1643
1644
1644
1648
1648
1649
1651
1651
1651
1654
1655
1655
1656
1657
1664
1664
1665
1666
1666
1666
1668
1673
1677
1677
1682
1683
1684
1686
1686
1689
1690
1692
1692
1692
1693
1693
1695
1696
1698
1699
1700
1700
1704
1704
1713
1716
1717
1719
1722
1726
1726
1727
1727
1729
1731
1733
1735
1737
1741
1744
1746
1747
1749
1752
1754
1758
1761
1762
1768
1769
1769
1771
1773
1773
1775
1776
1778
1779
1780
1783
1785
1786
1786
1790
1791
1793
1795
1796
1798
1807
1807
1807
1815
1817
1819
1820
1821
1821
1822
1826
1826
1829
1830
1830
1830
1831
1832
1832
1834
1835
1835
1836
1839
1841
1842
1842
1842
1843
1848
1852
1853
1859
1860
1861
1865
1869
1871
1872
1872
1873
1875
1880
1883
1886
1892
1893
1895
1897
1897
1898
1898
1899
1900
1901
1905
1905
1910
1911
1913
1915
1920
1922
1925
1930
1948
1949
1955
1959
1971
1972
1975
1984
1985
1990
1990
1991
1994
1996
1996
1997
1998
1999
2002
2004
2009
2011
2021
2021
2024
2027
2029
2030
2035
2038
2039
2042
2042
2044
2048
2049
2050
2050
2050
2054
2056
2059
2063
2064
2065
2065
2065
2066
2077
2079
2080
2091
2095
2096
2098
2099
2100
2111
2114
2114
2115
2116
2118
2119
2124
2124
2125
2126
2128
2129
2132
2132
2132
2139
2140
2143
2147
2150
2153
2156
2157
2157
2159
2163
2163
2164
2164
2165
2166
2168
2171
2171
2171
2172
2176
2177
2178
2178
2180
2181
2181
2184
2186
2188
2192
2193
2194
2195
2198
2198
2200
2201
2201
2201
2202
2204
2205
2210
2212
2212
2214
2215
2216
2216
2221
2224
2225
2225
2225
2227
2228
2231
2235
2237
2238
2241
2242
2242
2245
2246
2246
2247
2254
2254
2258
2261
2263
2267
2268
2269
2270
2273
2277
2279
2282
2283
2283
2285
2288
2289
2293
2294
2296
2298
2298
2303
2304
2305
2305
2306
2308
2309
2311
2315
2317
2318
2318
2320
2322
2326
2327
2332
2333
2335
2337
2340
2341
2342
2344
2345
2348
2350
2353
2355
2358
2358
2363
2364
2366
2371
2372
2375
2375
2379
2379
2381
2381
2383
2384
2385
2385
2389
2389
2391
2393
2394
2395
2398
2400
2401
2403
2403
2406
2406
2409
2410
2411
2419
2421
2422
2422
2428
2428
2432
2434
2435
2436
2438
2438
2442
2445
2446
2451
2452
2453
2453
2453
2455
2456
2456
2457
2458
2458
2459
2466
2466
2467
2467
2472
2478
2478
2479
2480
2481
2482
2485
2485
2485
2490
2491
2492
2494
2494
2495
2496
2496
2499
2500
2501
2502
2503
2506
2507
2509
2511
2515
2516
2519
2520
2521
2524
2526
2527
2528
2529
2529
2530
2534
2537
2538
2540
2546
2547
2551
2555
2556
2558
2559
2562
2566
2572
2574
2579
2580
2580
2580
2583
2585
2587
2589
2590
2591
2593
2594
2594
2595
2597
2603
2603
2606
2610
2612
2613
2616
2617
2621
2621
2622
2623
2625
2625
2626
2629
2629
2632
2634
2636
2636
2637
2638
2642
2643
2645
2647
2650
2653
2653
2654
2654
2656
2656
2658
2661
2664
2670
2676
2677
2680
2684
2685
2685
2686
2686
2686
2688
2690
2692
2694
2696
2701
2703
2703
2705
2705
2706
2709
2711
2714
2715
2717
2721
2724
2724
2725
2726
2728
2736
2739
2741
2741
2742
2746
2747
2749
2751
2753
2753
2759
2761
2766
2766
2770
2772
2776
2777
2778
2786
2789
2791
2792
2792
2794
2794
2795
2798
2801
2802
2808
2811
2811
2812
2812
2813
2815
2815
2822
2822
2824
2826
2827
2832
2833
2834
2835
2836
2837
2839
2839
2843
2845
2845
2845
2852
2853
2857
2861
2862
2863
2864
2864
2865
2865
2865
2868
2873
2875
2875
2877
2878
2878
2882
2884
2884
2885
2889
2891
2892
2892
2898
2900
2904
2911
2912
2912
2913
2916
2916
2918
2919
2921
2924
2924
2927
2927
2928
2929
2930
2930
2935
2936
2938
2939
2940
2940
2941
2942
2944
2945
2947
2951
2953
2957
2959
2959
2959
2964
2966
2968
2968
2969
2971
2971
2972
2972
2973
2974
2974
2977
2977
2978
2980
2984
2985
2986
2987
2991
2993
3002
3011
3014
3026
3027
3028
3030
3037
3037
3037
3037
3040
3041
3045
3048
3049
3051
3052
3052
3052
3054
3057
3058
3058
3059
3061
3063
3063
3067
3069
3077
3078
3082
3083
3083
3086
3087
3087
3088
3091
3093
3094
3101
3103
3105
3106
3106
3107
3113
3113
3114
3117
3120
3120
3121
3122
3122
3123
3125
3125
3127
3127
3131
3132
3133
3134
3137
3137
3137
3142
3142
3142
3148
3158
3161
3161
3163
3167
3170
3173
3175
3177
3177
3180
3181
3186
3192
3193
3198
3202
3202
3206
3207
3208
3211
3213
3218
3220
3221
3222
3222
3223
3231
3232
3233
3234
3235
3236
3240
3241
3242
3244
3256
3256
3259
3260
3263
3267
3267
3268
3268
3269
3274
3275
3279
3280
3284
3284
3285
3286
3287
3287
3289
3291
3292
3294
3297
3302
3306
3307
3311
3315
3316
3317
3320
3320
3321
3322
3323
3326
3326
3331
3337
3337
3338
3339
3345
3346
3347
3349
3354
3354
3355
3355
3356
3356
3356
3362
3363
3365
3366
3369
3373
3378
3379
3380
3382
3383
3383
3385
3385
3388
3388
3392
3392
3393
3396
3397
3397
3397
3401
3402
3403
3403
3405
3407
3411
3416
3417
3418
3420
3421
3424
3428
3429
3438
3439
3440
3442
3448
3455
3461
3462
3465
3465
3466
3467
3472
3478
3480
3482
3483
3483
3484
3486
3486
3489
3491
3493
3494
3498
3502
3503
3508
3509
3509
3512
3514
3516
3516
3522
3525
3528
3530
3531
3534
3536
3537
3539
3540
3542
3545
3546
3548
3550
3553
3554
3555
3557
3558
3561
3561
3562
3564
3565
3574
3580
3581
3586
3590
3590
3593
3597
3598
3599
3604
3604
3606
3607
3610
3610
3620
3620
3623
3623
3624
3628
3630
3634
3635
3638
3639
3639
3643
3652
3656
3659
3659
3662
3666
3666
3667
3669
3670
3678
3678
3679
3683
3685
3685
3686
3686
3687
3689
3691
3692
3695
3696
3701
3701
3702
3703
3703
3703
3703
3707
3710
3710
3715
3717
3720
3721
3722
3723
3724
3726
3729
3730
3731
3732
3733
3734
3735
3737
3737
3740
3746
3748
3755
3756
3756
3756
3756
3761
3763
3764
3766
3767
3771
3774
3781
3781
3782
3785
3788
3790
3795
3801
3804
3807
3807
3809
3810
3811
3812
3813
3813
3814
3825
3828
3828
3832
3832
3835
3836
3837
3838
3841
3841
3843
3844
3848
3848
3851
3852
3852
3853
3858
3858
3859
3859
3860
3861
3871
3873
3873
3873
3875
3880
3881
3882
3882
3887
3889
3892
3892
3895
3899
3904
3905
3908
3910
3917
3918
3922
3925
3926
3931
3933
3935
3938
3939
3942
3943
3943
3945
3946
3946
3947
3949
3949
3950
3950
3950
3955
3958
3965
3966
3967
3967
3970
3970
3971
3972
3973
3973
3973
3976
3979
3979
3985
3985
3987
3987
3992
3993
3996
4001
4006
4006
4007
4008
4012
4019
4020
4021
4021
4022
4023
4023
4024
4024
4026
4026
4028
4031
4034
4036
4037
4042
4048
4052
4056
4059
4060
4060
4060
4060
4063
4063
4072
4082
4084
4084
4085
4086
4087
4089
4092
4093
4093
4102
4104
4105
4106
4107
4111
4111
4113
4116
4116
4120
4121
4122
4124
4128
4129
4130
4131
4131
4133
4134
4134
4135
4136
4142
4151
4151
4152
4154
4154
4155
4156
4156
4157
4159
4164
4164
4169
4177
4177
4178
4180
4188
4192
4192
4194
4194
4196
4197
4201
4204
4204
4204
4206
4211
4212
4213
4214
4223
4224
4225
4226
4227
4230
4236
4236
4237
4238
4241
4243
4243
4243
4244
4249
4252
4253
4257
4258
4259
4259
4265
4268
4268
4268
4270
4272
4272
4273
4275
4280
4285
4286
4287
4292
4294
4296
4297
4299
4301
4303
4306
4307
4313
4313
4316
4325
4329
4330
4331
4341
4342
4342
4345
4347
4350
4352
4352
4352
4353
4353
4354
4358
4361
4362
4363
4371
4375
4382
4383
4384
4386
4386
4387
4388
4389
4391
4393
4398
4399
4401
4406
4407
4408
4412
4415
4419
4422
4425
4425
4427
4432
4434
4434
4436
4437
4437
4442
4444
4446
4446
4446
4446
4447
4447
4449
4450
4452
4456
4457
4458
4461
4463
4466
4467
4473
4475
4477
4484
4489
4492
4492
4492
4494
4497
4500
4503
4503
4505
4510
4513
4513
4514
4521
4524
4524
4527
4528
4529
4539
4539
4540
4543
4544
4545
4548
4548
4549
4550
4550
4550
4556
4556
4561
4563
4566
4566
4568
4576
4581
4581
4582
4587
4587
4587
4587
4594
4595
4598
4600
4601
4602
4604
4613
4613
4616
4617
4621
4628
4630
4630
4635
4640
4641
4644
4649
4650
4651
4655
4655
4658
4659
4663
4664
4668
4670
4672
4673
4673
4675
4678
4680
4681
4693
4694
4694
4699
4699
4700
4703
4710
4711
4711
4715
4715
4716
4716
4717
4721
4721
4722
4725
4726
4726
4728
4730
4733
4734
4734
4735
4735
4736
4738
4738
4740
4745
4750
4754
4754
4761
4761
4764
4768
4771
4771
4771
4772
4779
4780
4780
4782
4786
4787
4788
4791
4795
4795
4796
4796
4800
4800
4800
4801
4808
4811
4812
4813
4813
4814
4816
4817
4817
4817
4822
4823
4827
4827
4828
4830
4835
4836
4836
4842
4843
4843
4846
4852
4853
4856
4861
4862
4869
4871
4875
4876
4880
4882
4884
4885
4886
4887
4889
4890
4892
4893
4895
4900
4903
4903
4906
4908
4909
4910
4913
4914
4916
4918
4921
4921
4922
4935
4936
4939
4944
4944
4951
4956
4956
4958
4959
4960
4963
4966
4969
4970
4972
4973
4977
4982
4989
4990
4990
4991
5003
5003
5005
5006
5009
5009
5010
5011
5012
5017
5020
5023
5023
5024
5025
5026
5028
5029
5029
5030
5032
5032
5035
5042
5042
5047
5048
5052
5057
5061
5063
5063
5067
5067
5067
5078
5079
5079
5080
5082
5083
5083
5084
5085
5087
5088
5090
5090
5092
5092
5095
5098
5099
5103
5103
5105
5108
5109
5109
5111
5113
5113
5114
5115
5115
5118
5119
5120
5121
5124
5126
5126
5131
5134
5137
5139
5141
5141
5141
5144
5148
5149
5157
5159
5160
5161
5164
5173
5174
5174
5176
5178
5178
5179
5182
5185
5186
5188
5191
5200
5205
5206
5210
5214
5217
5220
5224
5225
5226
5228
5230
5232
5235
5237
5238
5238
5241
5241
5243
5244
5250
5250
5251
5257
5258
5258
5261
5264
5264
5268
5268
5270
5271
5272
5273
5274
5276
5280
5282
5284
5284
5286
5287
5295
5295
5296
5298
5303
5306
5310
5311
5313
5315
5317
5319
5320
5321
5323
5324
5325
5325
5329
5329
5330
5332
5343
5346
5346
5347
5353
5354
5354
5359
5363
5364
5368
5372
5372
5373
5374
5378
5379
5379
5380
5391
5392
5393
5396
5400
5406
5408
5408
5413
5417
5417
5419
5420
5422
5423
5427
5428
5429
5431
5431
5434
5437
5438
5438
5440
5440
5441
5444
5444
5448
5455
5456
5462
5466
5469
5472
5473
5481
5481
5482
5483
5484
5484
5486
5490
5490
5490
5493
5494
5503
5504
5506
5506
5511
5515
5520
5520
5522
5523
5526
5527
5531
5533
5534
5535
5535
5540
5541
5543
5552
5552
5553
5554
5555
5557
5559
5559
5562
5563
5564
5567
5568
5573
5574
5582
5583
5586
5590
5590
5590
5591
5592
5593
5595
5595
5595
5597
5599
5601
5601
5609
5611
5611
5613
5616
5618
5621
5625
5627
5629
5629
5630
5635
5636
5637
5638
5639
5639
5640
5640
5641
5641
5641
5641
5643
5643
5644
5644
5646
5647
5648
5648
5651
5652
5660
5661
5666
5670
5670
5670
5673
5673
5675
5675
5677
5679
5680
5680
5681
5689
5689
5690
5693
5694
5694
5694
5699
5700
5702
5703
5703
5704
5707
5707
5708
5709
5710
5715
5717
5718
5719
5721
5724
5726
5726
5729
5730
5730
5731
5731
5735
5736
5739
5742
5746
5747
5747
5748
5748
5752
5756
5765
5768
5770
5770
5772
5774
5776
5776
5778
5784
5785
5787
5792
5795
5798
5799
5802
5803
5806
5806
5807
5808
5809
5809
5810
5812
5812
5814
5816
5816
5819
5820
5821
5823
5825
5832
5833
5833
5833
5834
5837
5838
5840
5843
5846
5846
5849
5849
5854
5855
5857
5859
5862
5864
5869
5873
5880
5886
5886
5891
5892
5894
5895
5896
5897
5900
5901
5901
5905
5905
5911
5928
5928
5931
5933
5935
5940
5945
5945
5947
5947
5950
5952
5953
5954
5956
5957
5962
5964
5966
5966
5968
5968
5969
5969
5970
5972
5975
5978
5978
5979
5979
5981
5982
5983
5983
5986
5986
5988
5988
5989
5991
5992
5997
5998
6004
6006
6010
6020
6021
6024
6031
6031
6032
6033
6034
6035
6038
6038
6039
6040
6041
6048
6048
6049
6051
6053
6053
6054
6057
6058
6059
6060
6063
6064
6064
6069
6069
6071
6071
6071
6072
6072
6075
6075
6076
6077
6077
6078
6079
6085
6085
6086
6087
6089
6091
6092
6095
6096
6097
6098
6104
6106
6109
6113
6116
6118
6119
6119
6121
6121
6122
6124
6127
6128
6128
6129
6131
6132
6135
6136
6137
6138
6142
6144
6144
6148
6153
6157
6158
6161
6164
6165
6165
6165
6165
6167
6171
6176
6178
6178
6180
6180
6182
6182
6183
6185
6186
6194
6196
6203
6205
6207
6208
6210
6210
6213
6214
6216
6216
6217
6218
6223
6228
6229
6229
6234
6235
6239
6240
6241
6244
6246
6249
6252
6254
6256
6256
6258
6259
6260
6270
6270
6271
6276
6282
6291
6296
6296
6298
6301
6303
6308
6308
6308
6315
6316
6321
6323
6324
6326
6327
6327
6328
6330
6331
6332
6333
6334
6336
6336
6337
6340
6343
6348
6352
6354
6354
6358
6359
6361
6361
6362
6363
6368
6369
6370
6377
6377
6380
6380
6381
6382
6383
6385
6386
6387
6388
6391
6391
6396
6396
6399
6400
6401
6402
6404
6406
6406
6412
6413
6413
6417
6419
6420
6422
6422
6422
6426
6426
6427
6427
6429
6432
6435
6436
6437
6438
6440
6442
6444
6444
6445
6445
6446
6446
6448
6449
6449
6452
6453
6455
6456
6456
6465
6466
6469
6471
6473
6474
6475
6478
6478
6479
6479
6480
6483
6484
6490
6494
6497
6498
6498
6498
6500
6500
6505
6506
6506
6508
6509
6515
6517
6518
6520
6520
6525
6526
6527
6529
6532
6533
6536
6540
6545
6549
6550
6551
6552
6553
6557
6559
6560
6561
6562
6564
6565
6565
6566
6566
6568
6570
6572
6574
6575
6575
6576
6581
6583
6585
6587
6592
6593
6598
6599
6599
6604
6604
6608
6609
6609
6611
6614
6616
6619
6625
6625
6627
6629
6630
6636
6636
6639
6640
6642
6644
6647
6648
6650
6657
6659
6662
6662
6663
6669
6672
6676
6679
6680
6687
6689
6690
6694
6697
6698
6699
6703
6704
6705
6708
6709
6711
6712
6715
6717
6720
6723
6725
6729
6729
6730
6731
6731
6732
6732
6732
6738
6739
6740
6744
6745
6747
6748
6748
6748
6749
6749
6749
6753
6753
6753
6754
6754
6755
6758
6759
6764
6768
6768
6771
6772
6773
6773
6775
6775
6777
6780
6781
6781
6782
6786
6786
6787
6790
6795
6796
6797
6801
6803
6812
6812
6813
6814
6814
6815
6819
6820
6822
6823
6824
6825
6828
6830
6830
6831
6833
6836
6838
6844
6845
6845
6846
6846
6847
6849
6849
6849
6856
6856
6858
6859
6861
6866
6874
6875
6876
6877
6877
6877
6879
6881
6885
6886
6886
6888
6890
6890
6893
6894
6897
6898
6899
6901
6903
6903
6905
6905
6909
6909
6909
6916
6917
6918
6918
6919
6920
6925
6926
6926
6927
6927
6932
6933
6933
6935
6936
6938
6941
6943
6943
6943
6945
6946
6954
6957
6957
6963
6964
6964
6965
6966
6969
6969
6969
6971
6976
6982
6983
6988
6990
6992
6994
7002
7005
7009
7010
7013
7015
7018
7018
7018
7021
7024
7024
7025
7034
7037
7039
7043
7044
7047
7047
7051
7051
7052
7053
7054
7056
7059
7061
7063
7066
7067
7069
7070
7071
7072
7077
7077
7078
7079
7080
7083
7085
7086
7089
7090
7094
7094
7100
7100
7103
7106
7106
7110
7113
7114
7115
7117
7117
7120
7120
7121
7121
7125
7126
7126
7127
7127
7127
7129
7129
7131
7135
7136
7136
7137
7138
7142
7142
7143
7143
7147
7147
7148
7149
7150
7150
7151
7153
7155
7156
7159
7160
7163
7164
7165
7167
7170
7171
7172
7172
7175
7176
7181
7188
7188
7190
7193
7194
7194
7197
7198
7199
7202
7205
7205
7207
7208
7210
7215
7220
7222
7225
7227
7227
7227
7228
7232
7233
7234
7240
7242
7244
7246
7247
7247
7250
7253
7256
7259
7260
7265
7267
7268
7268
7268
7269
7271
7274
7274
7278
7279
7283
7284
7284
7284
7287
7289
7290
7292
7293
7293
7297
7299
7299
7302
7304
7304
7309
7311
7312
7313
7318
7321
7321
7322
7324
7325
7328
7340
7350
7353
7355
7359
7361
7362
7365
7369
7369
7370
7370
7373
7375
7376
7376
7376
7378
7384
7387
7387
7390
7395
7399
7402
7408
7408
7411
7411
7414
7424
7426
7430
7433
7434
7437
7438
7438
7438
7440
7441
7442
7445
7446
7446
7448
7451
7453
7455
7455
7458
7462
7467
7468
7470
7471
7478
7480
7482
7483
7484
7493
7493
7495
7498
7500
7501
7502
7502
7504
7506
7507
7508
7509
7510
7512
7514
7521
7522
7527
7529
7531
7532
7533
7536
7539
7540
7547
7548
7549
7549
7553
7553
7554
7558
7560
7565
7568
7569
7572
7575
7581
7583
7584
7594
7595
7600
7605
7606
7610
7610
7613
7614
7615
7615
7616
7618
7619
7619
7621
7622
7625
7626
7629
7629
7630
7631
7634
7636
7636
7637
7638
7642
7644
7644
7646
7648
7649
7649
7652
7655
7656
7659
7666
7667
7675
7676
7685
7685
7686
7687
7693
7695
7700
7701
7701
7701
7702
7703
7704
7708
7710
7711
7712
7718
7720
7723
7723
7724
7726
7728
7728
7728
7730
7730
7732
7735
7736
7737
7738
7739
7742
7743
7744
7745
7745
7747
7750
7752
7753
7754
7755
7756
7756
7756
7764
7771
7777
7777
7778
7778
7782
7787
7787
7791
7792
7794
7796
7798
7800
7803
7808
7808
7809
7811
7812
7814
7816
7819
7821
7823
7825
7827
7827
7827
7830
7832
7832
7832
7834
7835
7835
7837
7838
7839
7843
7846
7846
7849
7851
7851
7852
7854
7856
7861
7865
7867
7868
7868
7872
7876
7876
7877
7880
7882
7882
7883
7885
7887
7891
7891
7895
7899
7904
7904
7904
7907
7909
7918
7919
7919
7923
7924
7925
7929
7929
7931
7931
7932
7933
7935
7935
7937
7937
7937
7944
7944
7944
7944
7947
7947
7950
7958
7961
7962
7963
7964
7966
7974
7982
7982
7986
7989
7990
7991
7994
7995
7995
7997
7998
8000
8000
8000
8001
8001
8002
8008
8009
8012
8014
8017
8019
8019
8022
8022
8023
8025
8027
8027
8031
8031
8041
8042
8043
8044
8044
8048
8052
8054
8055
8057
8059
8060
8060
8061
8064
8064
8067
8069
8071
8071
8073
8074
8077
8079
8080
8082
8082
8083
8083
8084
8084
8085
8087
8089
8095
8097
8097
8098
8099
8101
8106
8108
8109
8109
8110
8110
8112
8116
8119
8120
8120
8122
8124
8124
8125
8125
8134
8141
8144
8149
8149
8152
8153
8156
8157
8158
8160
8160
8161
8168
8171
8173
8174
8180
8183
8183
8183
8190
8191
8195
8195
8199
8200
8202
8202
8203
8204
8204
8205
8209
8209
8209
8210
8210
8211
8211
8212
8212
8215
8215
8219
8219
8222
8223
8225
8226
8227
8227
8228
8228
8229
8233
8234
8246
8247
8247
8248
8249
8249
8250
8251
8258
8259
8260
8264
8264
8265
8265
8266
8268
8269
8271
8271
8276
8276
8280
8280
8280
8282
8283
8288
8295
8299
8301
8308
8314
8315
8317
8323
8324
8324
8326
8329
8329
8331
8333
8334
8338
8339
8342
8347
8354
8359
8359
8363
8367
8369
8371
8374
8375
8375
8375
8377
8377
8380
8383
8386
8387
8395
8396
8398
8401
8404
8405
8406
8408
8412
8414
8415
8416
8417
8419
8421
8429
8434
8434
8434
8438
8438
8441
8443
8443
8445
8447
8447
8449
8449
8452
8455
8456
8456
8456
8458
8459
8459
8460
8462
8464
8465
8468
8470
8472
8474
8476
8480
8480
8484
8484
8484
8487
8487
8488
8489
8494
8495
8496
8496
8499
8500
8501
8503
8509
8512
8515
8516
8517
8520
8520
8522
8525
8531
8532
8533
8538
8540
8541
8541
8543
8547
8548
8551
8552
8552
8552
8553
8556
8557
8559
8562
8562
8564
8565
8566
8566
8571
8572
8574
8575
8581
8582
8582
8583
8584
8585
8586
8587
8587
8588
8588
8591
8593
8596
8596
8599
8604
8604
8611
8612
8612
8615
8618
8620
8621
8624
8625
8626
8627
8629
8629
8631
8635
8636
8637
8639
8640
8640
8641
8641
8648
8651
8653
8656
8659
8659
8662
8666
8667
8667
8672
8673
8674
8676
8680
8681
8686
8686
8688
8689
8689
8693
8694
8695
8698
8699
8702
8712
8712
8712
8713
8714
8714
8716
8717
8718
8722
8725
8726
8728
8730
8733
8734
8735
8739
8743
8744
8747
8748
8748
8751
8753
8754
8756
8759
8766
8771
8772
8772
8775
8775
8776
8778
8780
8780
8780
8780
8781
8783
8785
8787
8788
8788
8789
8790
8791
8792
8795
8795
8798
8799
8799
8799
8800
8800
8801
8805
8806
8807
8807
8809
8810
8814
8817
8818
8819
8821
8821
8821
8823
8825
8825
8827
8828
8828
8830
8834
8835
8842
8846
8848
8849
8851
8852
8853
8853
8855
8857
8858
8858
8861
8864
8865
8868
8870
8872
8874
8879
8886
8886
8889
8893
8902
8902
8902
8908
8910
8911
8916
8916
8916
8917
8917
8918
8918
8919
8920
8920
8922
8923
8924
8926
8929
8933
8933
8936
8937
8940
8941
8947
8947
8951
8953
8957
8957
8964
8966
8967
8968
8974
8976
8980
8981
8982
8987
8988
8992
8993
8998
9000
9005
9006
9008
9009
9018
9018
9020
9021
9025
9028
9029
9033
9035
9037
9038
9039
9040
9041
9043
9043
9047
9049
9049
9054
9054
9057
9059
9059
9062
9062
9063
9064
9066
9066
9067
9071
9073
9078
9083
9083
9085
9086
9088
9091
9092
9092
9096
9097
9101
9103
9104
9105
9107
9110
9112
9112
9115
9117
9118
9125
9127
9130
9132
9132
9132
9137
9139
9139
9139
9140
9143
9145
9149
9152
9154
9154
9156
9157
9160
9160
9160
9164
9165
9168
9170
9173
9174
9179
9179
9180
9182
9183
9184
9190
9190
9190
9191
9193
9197
9197
9202
9204
9204
9205
9205
9205
9209
9209
9213
9214
9214
9217
9220
9221
9223
9226
9229
9232
9233
9233
9236
9238
9241
9241
9241
9250
9251
9251
9253
9253
9255
9256
9261
9262
9263
9263
9266
9266
9267
9267
9267
9268
9271
9271
9272
9274
9279
9280
9284
9286
9290
9292
9294
9295
9295
9297
9299
9302
9305
9307
9307
9309
9311
9313
9319
9319
9320
9323
9326
9327
9329
9329
9329
9331
9333
9335
9335
9337
9341
9342
9342
9344
9348
9348
9351
9354
9356
9356
9359
9363
9363
9364
9364
9365
9366
9367
9371
9372
9372
9375
9377
9377
9377
9378
9380
9381
9383
9391
9393
9396
9397
9398
9398
9400
9402
9403
9403
9404
9407
9408
9410
9410
9417
9419
9419
9424
9425
9426
9427
9429
9431
9432
9435
9437
9438
9438
9439
9442
9444
9444
9445
9447
9449
9449
9449
9452
9452
9452
9453
9455
9455
9456
9458
9461
9461
9463
9463
9464
9464
9468
9472
9474
9474
9476
9476
9478
9478
9482
9483
9484
9491
9492
9497
9501
9504
9505
9505
9505
9506
9506
9509
9511
9511
9512
9517
9525
9531
9533
9536
9536
9537
9537
9539
9542
9543
9544
9544
9544
9545
9551
9557
9559
9563
9564
9569
9573
9573
9575
9577
9579
9579
9586
9587
9589
9591
9593
9593
9595
9595
9595
9596
9597
9598
9598
9605
9608
9608
9613
9621
9622
9629
9629
9631
9631
9631
9639
9644
9644
9644
9645
9648
9649
9652
9654
9661
9662
9663
9664
9669
9669
9669
9671
9674
9675
9676
9677
9678
9681
9683
9688
9689
9691
9692
9693
9695
9696
9697
9697
9710
9711
9711
9712
9715
9716
9717
9719
9720
9723
9723
9728
9728
9735
9739
9740
9741
9742
9743
9745
9746
9748
9750
9750
9755
9757
9760
9761
9762
9763
9764
9764
9766
9768
9770
9770
9771
9776
9780
9781
9786
9789
9792
9792
9792
9793
9795
9801
9802
9805
9806
9806
9807
9807
9808
9810
9810
9812
9814
9815
9816
9817
9817
9821
9821
9821
9824
9828
9829
9829
9830
9831
9831
9835
9835
9836
9838
9844
9851
9852
9853
9853
9855
9858
9859
9860
9860
9861
9865
9867
9869
9870
9870
9877
9882
9882
9882
9883
9883
9884
9888
9893
9893
9895
9900
9900
9901
9903
9906
9906
9914
9915
9920
9928
9929
9929
9931
9932
9934
9935
9935
9935
9940
9943
9944
9949
9950
9950
9954
9957
9958
9959
9962
9966
9969
9970
9971
9972
9973
9974
9974
9975
9979
9979
9980
9984
9985
9985
9987
9989
9989
9990
9990
9992
9993
9994
9997
10000
10000
