10000
9998
9992
9990
9987
9986
9983
9983
9981
9981
9980
9980
9978
9976
9975
9975
9973
9972
9970
9969
9965
9961
9960
9958
9950
9950
9948
9948
9948
9947
9946
9945
9943
9942
9942
9941
9940
9939
9938
9936
9935
9932
9932
9930
9927
9923
9923
9923
9922
9911
9909
9905
9905
9904
9900
9898
9895
9893
9890
9886
9885
9882
9881
9874
9871
9868
9867
9858
9858
9851
9849
9848
9844
9842
9840
9839
9838
9834
9833
9832
9832
9829
9825
9825
9824
9819
9819
9818
9817
9817
9816
9815
9807
9801
9801
9799
9798
9797
9794
9794
9793
9789
9786
9784
9783
9779
9776
9776
9775
9774
9770
9769
9769
9768
9767
9765
9761
9760
9759
9758
9757
9755
9755
9754
9747
9746
9745
9744
9734
9734
9733
9733
9732
9731
9726
9726
9720
9718
9717
9715
9715
9714
9710
9708
9707
9704
9701
9698
9695
9692
9691
9688
9688
9685
9684
9684
9683
9682
9682
9681
9680
9679
9678
9678
9677
9675
9673
9669
9668
9657
9654
9651
9650
9649
9644
9639
9638
9636
9636
9632
9630
9630
9627
9625
9625
9624
9624
9623
9620
9620
9619
9619
9616
9613
9613
9613
9611
9611
9608
9607
9603
9602
9600
9600
9596
9594
9594
9591
9589
9588
9583
9581
9578
9576
9576
9576
9576
9574
9573
9573
9572
9571
9570
9570
9570
9568
9568
9567
9566
9566
9564
9560
9559
9558
9557
9555
9553
9551
9548
9545
9545
9541
9540
9536
9533
9532
9530
9530
9528
9528
9523
9521
9518
9517
9515
9514
9512
9512
9510
9509
9507
9506
9505
9502
9498
9498
9495
9495
9495
9494
9491
9491
9491
9489
9484
9484
9482
9482
9482
9479
9478
9478
9476
9474
9473
9471
9459
9458
9458
9456
9455
9453
9452
9450
9450
9450
9448
9446
9446
9446
9446
9445
9445
9444
9444
9440
9438
9436
9434
9432
9430
9427
9424
9418
9417
9417
9417
9415
9414
9413
9413
9402
9402
9400
9393
9393
9391
9388
9387
9386
9381
9379
9373
9372
9365
9365
9362
9361
9360
9360
9360
9359
9357
9357
9356
9352
9344
9343
9338
9338
9337
9336
9334
9334
9333
9331
9330
9326
9326
9324
9323
9320
9319
9318
9317
9316
9316
9312
9307
9304
9304
9299
9298
9296
9295
9295
9295
9290
9286
9286
9279
9279
9276
9273
9271
9268
9267
9261
9261
9259
9258
9255
9253
9246
9245
9244
9243
9241
9239
9236
9231
9231
9230
9229
9229
9223
9221
9219
9218
9217
9216
9215
9208
9206
9203
9203
9201
9201
9201
9196
9196
9194
9193
9193
9192
9188
9184
9183
9182
9176
9173
9168
9164
9161
9160
9159
9158
9153
9152
9151
9150
9149
9146
9146
9145
9143
9143
9142
9140
9138
9134
9133
9133
9132
9129
9128
9127
9126
9124
9123
9119
9115
9113
9110
9108
9107
9107
9105
9102
9102
9101
9100
9098
9094
9088
9086
9080
9079
9074
9073
9070
9070
9067
9065
9065
9064
9064
9064
9063
9063
9061
9059
9056
9056
9055
9053
9040
9040
9039
9038
9038
9037
9037
9036
9033
9032
9027
9024
9021
9020
9019
9015
9011
9010
9009
9008
9006
8996
8993
8993
8990
8986
8983
8983
8974
8968
8967
8965
8965
8957
8956
8949
8933
8932
8932
8924
8919
8917
8916
8911
8909
8906
8906
8905
8896
8894
8894
8892
8888
8886
8882
8880
8878
8877
8876
8875
8869
8865
8861
8861
8860
8860
8860
8856
8856
8854
8853
8853
8850
8850
8847
8846
8845
8844
8843
8842
8839
8837
8837
8837
8832
8832
8832
8831
8831
8830
8829
8826
8819
8818
8816
8816
8815
8813
8813
8809
8809
8808
8807
8807
8806
8805
8801
8801
8796
8795
8790
8786
8784
8784
8783
8778
8770
8769
8769
8767
8764
8764
8763
8763
8762
8762
8761
8760
8757
8753
8752
8748
8748
8747
8745
8740
8739
8738
8735
8733
8733
8732
8731
8727
8723
8723
8722
8719
8719
8716
8712
8711
8708
8708
8706
8706
8704
8703
8702
8701
8697
8697
8696
8695
8694
8692
8691
8690
8690
8688
8678
8678
8676
8669
8669
8667
8663
8662
8660
8659
8659
8658
8657
8656
8652
8650
8650
8648
8646
8645
8642
8636
8634
8634
8634
8628
8626
8624
8623
8623
8622
8620
8618
8615
8614
8614
8612
8610
8607
8606
8604
8601
8597
8596
8596
8594
8593
8589
8583
8582
8579
8578
8577
8577
8576
8576
8576
8573
8571
8570
8570
8569
8568
8566
8564
8563
8561
8559
8558
8556
8553
8553
8553
8551
8551
8551
8550
8547
8547
8546
8546
8545
8541
8541
8537
8531
8530
8529
8528
8527
8526
8524
8520
8520
8515
8506
8503
8502
8501
8499
8499
8497
8495
8492
8492
8491
8488
8487
8483
8482
8476
8475
8471
8471
8469
8465
8458
8458
8457
8456
8455
8454
8453
8449
8448
8447
8444
8443
8440
8440
8438
8435
8430
8428
8426
8424
8422
8418
8414
8413
8412
8410
8409
8407
8404
8403
8403
8401
8399
8398
8389
8389
8389
8388
8385
8383
8381
8378
8377
8376
8374
8373
8371
8370
8369
8366
8366
8365
8363
8361
8360
8357
8356
8355
8354
8353
8349
8347
8347
8345
8345
8344
8343
8340
8339
8339
8339
8339
8339
8338
8337
8335
8335
8331
8329
8328
8328
8325
8323
8322
8320
8316
8314
8314
8313
8308
8306
8304
8304
8303
8303
8302
8302
8301
8298
8296
8295
8292
8291
8289
8288
8286
8284
8283
8283
8282
8280
8272
8272
8270
8265
8262
8255
8254
8247
8247
8246
8243
8241
8241
8241
8239
8237
8236
8234
8232
8229
8229
8226
8225
8223
8222
8222
8221
8218
8215
8211
8210
8209
8209
8204
8199
8197
8194
8194
8191
8188
8185
8184
8183
8180
8179
8178
8178
8174
8173
8172
8170
8170
8169
8166
8164
8163
8161
8160
8160
8154
8152
8151
8150
8149
8146
8142
8140
8139
8134
8132
8132
8131
8130
8128
8124
8121
8113
8113
8112
8110
8109
8109
8107
8106
8105
8101
8099
8097
8096
8093
8090
8087
8087
8083
8081
8079
8079
8078
8072
8071
8070
8070
8068
8068
8065
8065
8064
8064
8064
8062
8059
8058
8058
8055
8049
8048
8046
8044
8041
8037
8035
8034
8034
8031
8028
8026
8025
8023
8018
8017
8015
8013
8005
8004
8004
8002
8002
8001
7999
7998
7996
7995
7995
7993
7992
7991
7990
7987
7981
7979
7975
7969
7967
7958
7952
7951
7949
7948
7947
7945
7943
7937
7930
7928
7927
7926
7925
7924
7924
7921
7920
7917
7917
7915
7909
7907
7906
7904
7902
7901
7901
7899
7889
7883
7881
7879
7878
7876
7875
7871
7870
7865
7864
7862
7859
7859
7852
7851
7851
7850
7847
7846
7839
7838
7836
7833
7832
7831
7829
7828
7828
7828
7824
7824
7818
7809
7809
7807
7807
7804
7803
7798
7798
7798
7797
7793
7793
7792
7791
7790
7788
7787
7787
7778
7776
7776
7773
7773
7772
7770
7768
7767
7766
7764
7759
7758
7757
7757
7754
7754
7751
7751
7750
7750
7749
7746
7746
7744
7744
7740
7738
7737
7729
7721
7721
7718
7713
7711
7706
7706
7701
7700
7700
7700
7698
7693
7687
7685
7684
7680
7676
7675
7675
7674
7673
7672
7672
7667
7665
7665
7662
7654
7653
7652
7652
7651
7650
7648
7647
7646
7644
7643
7638
7634
7634
7632
7631
7629
7622
7618
7617
7616
7615
7614
7613
7613
7612
7611
7609
7607
7607
7606
7605
7601
7599
7599
7597
7593
7591
7583
7581
7580
7578
7576
7574
7571
7568
7564
7564
7562
7562
7560
7559
7555
7553
7550
7544
7540
7538
7534
7531
7527
7526
7525
7523
7522
7520
7519
7518
7517
7516
7514
7513
7505
7505
7503
7496
7493
7492
7491
7490
7486
7484
7484
7475
7473
7470
7466
7461
7458
7457
7452
7449
7446
7446
7443
7434
7431
7430
7428
7421
7417
7409
7408
7406
7402
7402
7401
7399
7398
7397
7394
7394
7394
7393
7393
7392
7392
7391
7390
7389
7389
7386
7385
7382
7381
7381
7377
7376
7375
7375
7371
7368
7368
7368
7366
7365
7364
7359
7358
7354
7347
7346
7345
7344
7343
7341
7340
7337
7336
7335
7335
7332
7331
7329
7328
7327
7326
7325
7323
7322
7322
7321
7319
7318
7317
7314
7313
7308
7306
7303
7299
7298
7296
7296
7294
7293
7291
7289
7286
7285
7284
7282
7281
7281
7280
7278
7278
7276
7275
7274
7273
7271
7259
7256
7251
7248
7247
7246
7241
7238
7237
7233
7233
7230
7226
7226
7224
7224
7221
7221
7220
7213
7212
7212
7206
7204
7202
7194
7193
7192
7190
7187
7180
7178
7176
7170
7169
7167
7166
7161
7161
7160
7160
7156
7156
7156
7155
7155
7154
7152
7149
7148
7147
7144
7142
7141
7139
7138
7137
7136
7135
7133
7128
7125
7123
7123
7122
7121
7121
7120
7120
7117
7114
7113
7110
7110
7109
7108
7106
7106
7102
7100
7100
7098
7097
7096
7095
7093
7092
7089
7086
7084
7082
7082
7082
7080
7078
7074
7074
7072
7068
7064
7062
7062
7058
7055
7055
7054
7047
7044
7037
7037
7034
7032
7029
7029
7026
7023
7019
7017
7017
7016
7012
7007
7006
7004
7003
7001
7001
6998
6998
6996
6991
6988
6980
6980
6979
6978
6977
6972
6972
6969
6969
6968
6967
6964
6964
6960
6959
6956
6955
6953
6953
6952
6952
6948
6948
6945
6945
6945
6944
6944
6943
6943
6941
6939
6938
6933
6933
6932
6929
6928
6924
6924
6920
6920
6915
6915
6913
6912
6907
6905
6900
6899
6897
6895
6894
6893
6891
6891
6884
6884
6882
6877
6875
6874
6874
6872
6865
6863
6857
6854
6851
6848
6845
6845
6844
6844
6841
6836
6834
6829
6829
6825
6825
6824
6824
6821
6815
6813
6813
6806
6805
6805
6804
6801
6801
6795
6794
6794
6792
6791
6789
6788
6784
6783
6782
6781
6780
6779
6779
6776
6773
6771
6766
6762
6756
6753
6752
6752
6751
6750
6747
6745
6743
6741
6741
6736
6734
6723
6723
6722
6721
6720
6719
6717
6714
6714
6712
6707
6706
6705
6695
6694
6686
6684
6683
6683
6682
6679
6679
6675
6675
6673
6673
6673
6670
6669
6669
6669
6668
6662
6662
6659
6655
6652
6647
6644
6638
6635
6634
6632
6631
6626
6626
6619
6616
6616
6616
6615
6612
6611
6611
6609
6600
6598
6598
6596
6595
6595
6588
6586
6585
6582
6579
6577
6577
6575
6571
6568
6567
6565
6565
6563
6563
6563
6561
6560
6558
6556
6556
6555
6552
6545
6544
6543
6543
6540
6539
6539
6536
6533
6528
6520
6520
6516
6514
6513
6512
6509
6507
6507
6507
6505
6504
6504
6494
6492
6489
6485
6485
6484
6483
6483
6483
6480
6480
6478
6477
6477
6476
6469
6468
6468
6468
6465
6464
6464
6463
6462
6456
6455
6452
6452
6450
6446
6445
6441
6439
6438
6437
6430
6430
6425
6424
6417
6417
6416
6415
6413
6410
6406
6405
6405
6398
6395
6394
6391
6388
6384
6378
6373
6370
6368
6366
6365
6358
6358
6356
6348
6347
6346
6346
6346
6345
6342
6341
6336
6336
6331
6328
6328
6326
6322
6322
6318
6316
6313
6312
6310
6310
6308
6305
6301
6297
6295
6293
6290
6290
6286
6285
6285
6283
6283
6278
6277
6276
6274
6274
6272
6269
6269
6268
6264
6262
6261
6260
6259
6256
6255
6249
6247
6247
6246
6243
6242
6241
6241
6237
6236
6235
6233
6231
6227
6227
6226
6221
6217
6211
6210
6209
6205
6201
6200
6198
6195
6195
6191
6190
6189
6185
6180
6175
6174
6173
6172
6170
6168
6164
6163
6162
6159
6157
6157
6153
6152
6150
6149
6148
6147
6145
6145
6142
6138
6135
6134
6132
6131
6130
6128
6123
6121
6120
6116
6113
6113
6110
6107
6107
6105
6105
6102
6101
6099
6098
6096
6096
6095
6093
6085
6085
6083
6082
6081
6081
6079
6079
6076
6073
6069
6067
6066
6066
6065
6061
6060
6058
6056
6053
6051
6049
6046
6045
6043
6041
6040
6040
6037
6036
6032
6032
6032
6032
6029
6026
6024
6023
6020
6017
6017
6014
6005
6002
6001
6000
5996
5994
5994
5993
5992
5990
5989
5988
5988
5982
5982
5981
5981
5976
5974
5974
5973
5972
5967
5965
5963
5963
5963
5962
5960
5958
5957
5956
5950
5948
5946
5944
5943
5941
5937
5937
5935
5933
5933
5928
5928
5925
5922
5919
5919
5919
5918
5914
5912
5911
5909
5908
5907
5904
5901
5899
5894
5894
5893
5892
5891
5890
5887
5883
5881
5876
5876
5870
5868
5868
5864
5862
5862
5861
5861
5858
5855
5855
5852
5849
5847
5845
5843
5839
5836
5834
5830
5827
5826
5826
5824
5822
5818
5813
5812
5812
5812
5810
5808
5806
5803
5801
5798
5798
5796
5792
5792
5791
5790
5787
5780
5779
5779
5776
5774
5773
5773
5773
5773
5770
5769
5765
5765
5761
5761
5760
5760
5756
5752
5752
5751
5749
5749
5746
5743
5741
5740
5738
5738
5737
5736
5736
5736
5731
5729
5725
5725
5723
5722
5721
5719
5719
5716
5716
5716
5716
5713
5711
5704
5703
5701
5697
5696
5696
5695
5688
5688
5686
5686
5683
5681
5679
5678
5678
5677
5673
5672
5668
5667
5667
5666
5664
5660
5658
5657
5656
5652
5652
5647
5645
5642
5642
5641
5641
5639
5638
5634
5632
5631
5631
5625
5620
5620
5620
5618
5617
5616
5616
5615
5611
5610
5609
5603
5603
5602
5601
5596
5595
5592
5590
5589
5587
5584
5583
5583
5580
5580
5577
5577
5576
5576
5575
5575
5573
5573
5571
5571
5569
5568
5566
5564
5556
5555
5555
5555
5552
5550
5547
5546
5544
5537
5535
5533
5533
5532
5531
5531
5530
5529
5528
5527
5522
5519
5518
5516
5515
5514
5513
5512
5506
5505
5505
5503
5499
5496
5496
5495
5494
5494
5493
5487
5487
5486
5483
5481
5479
5478
5473
5472
5471
5460
5460
5456
5456
5454
5454
5451
5448
5448
5443
5443
5440
5433
5428
5426
5413
5412
5411
5409
5408
5405
5405
5405
5398
5393
5392
5389
5385
5383
5379
5378
5378
5376
5376
5375
5374
5371
5368
5365
5363
5362
5362
5359
5358
5358
5358
5356
5355
5351
5349
5345
5337
5336
5335
5335
5334
5332
5331
5327
5324
5323
5323
5320
5319
5316
5311
5306
5301
5301
5300
5298
5295
5295
5293
5287
5287
5283
5282
5281
5280
5279
5277
5275
5274
5271
5270
5268
5268
5267
5262
5262
5257
5255
5254
5253
5249
5249
5247
5245
5241
5238
5237
5230
5230
5228
5228
5225
5223
5216
5215
5211
5210
5210
5208
5208
5207
5199
5197
5196
5192
5191
5191
5188
5184
5184
5183
5182
5182
5181
5179
5177
5174
5172
5170
5169
5166
5166
5165
5163
5160
5157
5153
5152
5149
5149
5146
5145
5142
5141
5139
5138
5138
5137
5135
5134
5133
5119
5119
5117
5116
5116
5114
5111
5104
5103
5103
5102
5101
5100
5099
5098
5097
5093
5093
5092
5092
5085
5081
5080
5075
5075
5073
5071
5070
5070
5068
5067
5067
5065
5064
5063
5059
5058
5057
5056
5047
5043
5040
5038
5034
5033
5032
5031
5030
5030
5029
5028
5027
5027
5024
5024
5022
5018
5018
5018
5017
5013
5012
5006
5006
5005
5001
5000
4995
4991
4988
4985
4983
4978
4978
4978
4977
4977
4976
4974
4974
4973
4972
4972
4969
4967
4966
4965
4965
4964
4961
4953
4952
4951
4951
4947
4946
4944
4938
4937
4936
4928
4926
4926
4923
4922
4921
4918
4918
4913
4912
4911
4910
4907
4907
4904
4901
4897
4896
4896
4896
4892
4892
4892
4890
4890
4889
4888
4888
4886
4884
4875
4872
4865
4865
4865
4865
4862
4858
4857
4852
4852
4852
4849
4846
4845
4844
4842
4835
4835
4835
4833
4833
4830
4827
4824
4824
4823
4822
4821
4820
4818
4817
4814
4812
4811
4811
4801
4801
4800
4798
4798
4784
4782
4778
4776
4772
4767
4765
4765
4764
4763
4759
4756
4753
4749
4749
4748
4745
4744
4741
4739
4735
4733
4727
4726
4723
4722
4720
4720
4719
4719
4709
4708
4705
4705
4703
4700
4699
4692
4691
4691
4691
4688
4686
4684
4683
4680
4676
4675
4673
4672
4663
4661
4652
4651
4650
4645
4645
4643
4638
4638
4634
4633
4633
4633
4628
4628
4626
4624
4622
4622
4621
4621
4619
4617
4617
4616
4613
4607
4606
4601
4599
4594
4592
4590
4590
4589
4588
4588
4584
4583
4582
4579
4579
4578
4577
4575
4572
4569
4569
4567
4560
4560
4556
4554
4552
4548
4545
4545
4545
4543
4539
4537
4537
4537
4535
4532
4531
4531
4530
4529
4528
4528
4523
4522
4521
4518
4517
4514
4513
4506
4505
4499
4496
4495
4494
4493
4491
4487
4487
4486
4486
4484
4484
4483
4483
4481
4480
4480
4475
4471
4470
4465
4463
4463
4460
4460
4458
4456
4456
4456
4454
4454
4453
4452
4449
4449
4448
4447
4443
4442
4440
4439
4438
4437
4436
4432
4429
4429
4428
4425
4421
4415
4410
4409
4406
4403
4402
4398
4394
4382
4378
4378
4377
4376
4376
4375
4375
4374
4372
4367
4366
4362
4360
4360
4360
4355
4355
4355
4350
4350
4348
4344
4342
4340
4339
4338
4336
4335
4333
4330
4329
4329
4326
4325
4323
4320
4319
4318
4318
4318
4317
4317
4315
4315
4314
4314
4309
4309
4308
4304
4303
4301
4299
4299
4299
4296
4296
4296
4295
4293
4291
4291
4288
4285
4282
4282
4282
4281
4278
4277
4276
4275
4272
4271
4269
4264
4264
4263
4258
4258
4256
4252
4247
4246
4246
4246
4245
4245
4243
4242
4239
4238
4238
4236
4236
4235
4230
4228
4225
4219
4217
4215
4213
4209
4202
4202
4202
4201
4196
4195
4195
4195
4191
4191
4190
4190
4190
4189
4188
4188
4186
4184
4183
4182
4182
4177
4172
4168
4163
4163
4161
4161
4160
4159
4158
4155
4150
4149
4142
4141
4140
4140
4136
4136
4129
4129
4128
4126
4126
4123
4123
4120
4120
4119
4119
4118
4118
4117
4114
4113
4110
4106
4105
4105
4105
4104
4102
4099
4098
4097
4096
4094
4092
4086
4084
4083
4083
4083
4079
4078
4077
4075
4074
4070
4067
4064
4064
4063
4057
4056
4055
4050
4049
4047
4046
4046
4040
4040
4038
4038
4037
4037
4034
4032
4028
4028
4026
4025
4022
4022
4022
4016
4012
4007
4006
4001
3996
3994
3993
3988
3985
3985
3985
3983
3982
3981
3980
3978
3977
3977
3974
3974
3973
3973
3973
3972
3971
3971
3970
3970
3966
3964
3959
3956
3949
3949
3948
3947
3942
3937
3935
3930
3928
3924
3920
3919
3919
3918
3912
3912
3910
3907
3906
3901
3897
3893
3893
3892
3888
3887
3886
3886
3884
3877
3876
3874
3873
3872
3868
3864
3863
3861
3861
3859
3858
3855
3853
3851
3845
3844
3844
3842
3839
3834
3832
3829
3829
3827
3820
3820
3819
3818
3818
3817
3809
3808
3806
3804
3804
3804
3803
3798
3798
3797
3792
3791
3790
3789
3788
3787
3786
3786
3785
3783
3783
3779
3777
3776
3773
3772
3769
3765
3761
3761
3758
3755
3755
3750
3750
3749
3748
3747
3744
3741
3740
3736
3735
3735
3732
3729
3727
3725
3725
3725
3724
3722
3721
3720
3719
3718
3716
3715
3714
3714
3713
3710
3709
3705
3703
3700
3699
3698
3697
3694
3690
3689
3689
3688
3685
3685
3684
3681
3677
3676
3672
3671
3670
3666
3665
3657
3656
3654
3654
3652
3651
3651
3648
3645
3645
3645
3640
3639
3635
3625
3623
3622
3621
3617
3617
3616
3612
3612
3608
3606
3602
3600
3597
3597
3596
3595
3593
3588
3587
3585
3583
3583
3580
3580
3568
3567
3567
3565
3565
3559
3550
3548
3542
3539
3538
3538
3537
3535
3534
3530
3529
3528
3528
3527
3527
3527
3524
3524
3518
3518
3518
3517
3517
3516
3515
3514
3513
3509
3507
3506
3505
3505
3502
3502
3501
3500
3499
3497
3493
3493
3492
3490
3489
3489
3486
3483
3480
3479
3479
3479
3478
3474
3473
3463
3460
3460
3457
3457
3454
3454
3453
3452
3446
3446
3446
3436
3435
3430
3428
3426
3424
3424
3416
3415
3412
3412
3409
3407
3402
3399
3399
3392
3390
3390
3389
3388
3388
3387
3387
3386
3384
3379
3379
3376
3374
3374
3372
3367
3364
3358
3350
3350
3345
3344
3344
3344
3344
3343
3337
3336
3331
3331
3330
3330
3328
3322
3320
3320
3318
3317
3316
3315
3310
3307
3305
3303
3301
3297
3297
3296
3296
3293
3292
3290
3288
3287
3285
3283
3282
3281
3280
3279
3277
3276
3275
3274
3273
3268
3266
3265
3261
3261
3256
3255
3253
3247
3245
3245
3242
3241
3241
3238
3236
3234
3233
3233
3233
3232
3230
3229
3227
3226
3226
3220
3214
3210
3210
3208
3205
3204
3202
3202
3194
3193
3192
3189
3188
3188
3185
3185
3185
3184
3179
3176
3174
3174
3169
3169
3167
3165
3162
3162
3157
3157
3153
3152
3150
3148
3147
3147
3145
3145
3144
3141
3139
3139
3137
3133
3127
3127
3126
3126
3125
3125
3124
3121
3120
3119
3118
3111
3111
3109
3096
3095
3093
3089
3085
3085
3084
3082
3082
3081
3077
3077
3074
3072
3071
3069
3064
3053
3053
3044
3040
3036
3036
3035
3035
3033
3033
3027
3026
3023
3018
3014
3013
3011
3010
3009
3008
3003
2999
2998
2997
2997
2996
2995
2994
2992
2987
2985
2982
2981
2968
2967
2963
2962
2962
2961
2960
2959
2959
2958
2955
2955
2948
2948
2948
2946
2942
2934
2933
2928
2928
2927
2927
2926
2925
2920
2916
2912
2911
2909
2907
2907
2905
2904
2900
2900
2899
2898
2897
2893
2892
2892
2891
2887
2886
2886
2883
2880
2880
2879
2874
2873
2866
2865
2862
2862
2862
2859
2856
2850
2845
2843
2839
2835
2833
2829
2828
2826
2826
2825
2822
2822
2820
2818
2817
2817
2817
2813
2807
2806
2805
2798
2797
2795
2795
2792
2792
2791
2789
2779
2777
2777
2775
2769
2766
2764
2764
2762
2760
2760
2756
2754
2753
2748
2745
2745
2744
2739
2738
2734
2734
2733
2733
2732
2729
2727
2727
2725
2724
2722
2710
2706
2704
2703
2702
2697
2695
2695
2694
2693
2691
2689
2688
2686
2680
2679
2679
2679
2679
2678
2675
2673
2673
2669
2669
2666
2665
2658
2656
2655
2653
2653
2652
2651
2650
2649
2648
2647
2646
2646
2645
2642
2642
2642
2641
2640
2639
2639
2639
2636
2636
2635
2632
2631
2630
2626
2622
2622
2621
2620
2620
2619
2619
2614
2611
2611
2610
2610
2609
2608
2606
2605
2604
2600
2598
2598
2597
2590
2586
2583
2583
2581
2581
2579
2578
2576
2574
2570
2567
2567
2567
2566
2563
2562
2560
2559
2556
2555
2554
2543
2538
2536
2536
2533
2533
2530
2526
2519
2516
2516
2514
2513
2507
2502
2500
2500
2498
2497
2497
2491
2490
2490
2489
2484
2481
2480
2479
2479
2477
2474
2472
2469
2469
2469
2468
2466
2465
2464
2459
2459
2457
2456
2455
2454
2450
2448
2448
2448
2447
2447
2447
2446
2446
2438
2437
2436
2434
2432
2430
2430
2426
2424
2422
2422
2421
2420
2420
2420
2416
2415
2414
2411
2409
2409
2402
2402
2398
2397
2396
2391
2389
2389
2382
2382
2379
2377
2376
2375
2375
2374
2373
2372
2372
2371
2368
2365
2363
2355
2354
2352
2350
2350
2350
2349
2346
2345
2342
2342
2340
2340
2338
2337
2332
2328
2326
2326
2325
2324
2321
2321
2316
2311
2310
2306
2301
2298
2296
2296
2294
2291
2291
2289
2287
2286
2285
2279
2270
2270
2270
2266
2266
2263
2262
2259
2253
2253
2251
2251
2248
2248
2247
2246
2244
2243
2242
2242
2241
2238
2236
2233
2233
2233
2230
2227
2225
2225
2223
2222
2214
2211
2211
2208
2203
2202
2192
2191
2190
2187
2187
2185
2183
2182
2182
2182
2181
2180
2179
2178
2173
2172
2172
2171
2170
2166
2166
2166
2165
2163
2163
2162
2162
2161
2160
2160
2159
2158
2156
2156
2154
2147
2145
2139
2138
2137
2134
2134
2132
2131
2131
2130
2125
2123
2122
2120
2117
2117
2117
2115
2115
2114
2107
2107
2106
2106
2101
2101
2101
2099
2099
2098
2098
2094
2085
2085
2083
2079
2076
2072
2064
2063
2061
2060
2060
2060
2059
2056
2051
2051
2051
2049
2047
2045
2043
2041
2040
2039
2037
2037
2034
2031
2029
2028
2024
2024
2023
2023
2022
2019
2017
2017
2017
2016
2011
2010
2008
2005
2004
2000
1996
1996
1995
1993
1989
1988
1985
1984
1978
1977
1975
1973
1972
1971
1970
1970
1969
1968
1965
1964
1964
1964
1962
1962
1960
1960
1959
1959
1959
1956
1955
1954
1953
1950
1950
1949
1944
1943
1940
1939
1939
1935
1934
1934
1930
1929
1928
1927
1923
1919
1917
1916
1913
1909
1908
1906
1906
1902
1899
1896
1894
1893
1892
1890
1890
1887
1887
1886
1885
1885
1884
1881
1877
1875
1871
1871
1870
1868
1867
1863
1860
1859
1859
1857
1856
1852
1849
1848
1848
1846
1845
1844
1840
1839
1839
1835
1829
1824
1823
1821
1821
1820
1820
1819
1819
1818
1813
1809
1809
1806
1803
1801
1801
1800
1798
1796
1794
1794
1791
1789
1785
1781
1781
1781
1779
1778
1775
1773
1772
1772
1770
1767
1762
1761
1761
1758
1757
1757
1754
1754
1754
1751
1750
1748
1747
1747
1746
1746
1741
1736
1735
1730
1728
1728
1724
1722
1720
1720
1719
1718
1718
1717
1716
1715
1709
1709
1704
1702
1701
1698
1695
1692
1687
1686
1684
1683
1682
1679
1677
1674
1674
1671
1668
1668
1667
1662
1658
1657
1655
1654
1652
1649
1647
1647
1646
1645
1645
1645
1642
1641
1640
1639
1638
1637
1632
1632
1629
1629
1623
1623
1620
1610
1610
1601
1600
1597
1597
1592
1589
1588
1583
1582
1581
1576
1574
1574
1573
1571
1571
1570
1570
1562
1561
1555
1553
1552
1547
1543
1537
1531
1529
1527
1523
1519
1518
1511
1506
1505
1502
1498
1497
1496
1492
1486
1485
1485
1485
1483
1480
1477
1477
1475
1469
1464
1463
1460
1460
1456
1453
1453
1443
1439
1438
1436
1430
1426
1425
1418
1418
1415
1413
1409
1406
1404
1403
1402
1402
1399
1398
1398
1394
1392
1389
1387
1378
1377
1376
1375
1375
1374
1373
1371
1369
1368
1368
1365
1362
1358
1358
1352
1351
1348
1342
1342
1341
1341
1340
1331
1330
1308
1308
1299
1299
1295
1290
1289
1287
1283
1281
1281
1281
1279
1279
1276
1276
1274
1274
1271
1269
1264
1264
1263
1261
1259
1258
1258
1257
1255
1255
1255
1252
1250
1248
1247
1246
1245
1244
1243
1239
1239
1239
1234
1232
1231
1225
1225
1220
1220
1218
1218
1218
1217
1215
1214
1213
1211
1208
1207
1206
1201
1200
1200
1200
1198
1198
1197
1193
1192
1190
1187
1185
1185
1185
1182
1179
1177
1176
1174
1172
1169
1169
1165
1165
1161
1159
1156
1155
1153
1147
1145
1144
1137
1135
1133
1132
1130
1130
1120
1120
1120
1116
1115
1114
1113
1112
1103
1102
1095
1092
1089
1088
1087
1087
1085
1081
1081
1079
1077
1077
1076
1073
1072
1072
1069
1067
1066
1066
1064
1059
1058
1058
1052
1052
1052
1050
1048
1047
1046
1045
1040
1039
1037
1035
1035
1035
1030
1030
1028
1021
1020
1017
1016
1016
1014
1013
1013
1003
1003
1002
1002
1002
1000
998
996
996
995
991
989
989
989
988
985
985
984
983
983
980
979
978
978
974
972
968
965
963
961
961
961
952
951
950
949
944
938
935
932
929
929
927
925
923
923
916
913
905
904
898
897
896
895
894
893
892
888
887
885
885
883
882
877
874
873
873
869
868
865
864
863
863
858
853
853
852
851
850
850
847
845
844
844
842
839
833
830
830
826
825
824
824
821
820
817
813
812
810
804
803
803
802
802
801
800
799
799
797
796
795
788
787
785
783
776
775
772
769
766
764
763
762
759
757
757
750
748
748
745
743
742
742
739
735
731
727
725
724
722
721
720
719
717
716
715
715
714
713
712
710
706
700
690
689
687
687
685
684
679
678
675
672
671
670
670
668
665
665
662
662
661
660
657
656
654
652
651
648
645
644
643
641
638
635
634
630
630
630
630
629
628
627
626
625
622
620
620
617
616
616
615
610
610
607
600
599
598
597
596
594
594
591
591
589
588
585
581
580
576
575
572
571
571
569
569
565
561
559
558
558
558
555
555
554
551
551
550
550
548
543
543
543
539
539
538
537
536
535
532
529
528
522
521
520
519
517
511
510
509
507
506
504
504
503
499
499
496
488
487
487
487
487
486
485
484
484
481
476
476
472
470
467
464
460
459
454
453
453
451
448
445
443
443
438
436
434
431
429
429
429
426
426
419
411
407
405
402
402
397
395
392
386
377
376
371
369
363
363
363
359
358
356
352
350
348
347
345
341
340
340
340
338
338
338
338
336
335
334
334
332
331
326
322
322
316
313
313
312
310
306
303
297
295
291
290
289
288
285
280
276
275
274
274
272
272
267
264
261
258
258
257
257
256
255
250
248
247
247
245
241
238
237
237
232
230
227
226
222
218
216
215
213
209
208
208
203
198
198
197
197
196
191
191
191
186
186
180
179
179
179
172
171
171
168
167
166
165
163
157
155
153
152
142
141
139
138
137
133
132
130
129
128
124
123
123
122
117
117
116
116
112
112
110
109
109
106
105
103
102
102
101
100
100
100
97
97
96
95
95
93
92
92
87
87
81
80
77
75
73
71
71
70
70
70
68
65
65
62
59
58
56
53
52
49
48
43
42
42
39
39
37
35
32
30
30
29
22
21
20
15
13
11
11
8
8
8
7
6
4
3
2
2
2
