3078
6417
4685
9161
8202
3672
3000
1188
8241
3337
5437
3791
1655
5420
2409
7077
7205
5811
5426
6467
6551
3620
5675
1472
6705
6117
3967
8714
7198
6940
9679
9493
3136
2195
1419
920
8631
922
1663
8601
7598
2459
5827
1878
9338
8752
5581
5926
3918
1401
8870
4072
3461
7967
1952
6108
5929
167
2517
6759
5458
6662
4569
8658
1794
752
4241
6864
8602
7166
5208
7564
9093
8387
6205
3907
353
9570
694
2582
1860
254
5345
1005
5105
8094
4733
3559
132
3368
125
6597
3183
2805
2502
2182
5187
4245
7385
4303
3039
7573
747
7595
8108
8878
5743
5162
1755
8145
5029
458
5578
2950
7488
4435
405
9564
3014
1942
7972
972
4498
6983
5703
6961
8334
6387
2136
1953
7768
8507
5414
1051
8702
9846
7942
1519
2500
6734
8586
422
2675
4438
5993
6026
3307
5318
7251
2194
9113
9121
4178
4707
6031
2508
689
4637
5513
799
6408
7426
862
7542
7761
6809
577
1285
4923
1340
6236
485
9226
7562
3017
2919
7587
1222
3652
155
4084
7729
6087
6639
2548
4638
3508
6869
8846
6989
874
8699
6213
9585
5064
8442
8770
6546
359
9941
5864
3642
8256
2519
3488
6773
3868
4612
3040
1704
1036
9222
4304
3740
2009
2491
4588
9075
3899
8403
8790
9852
5978
6924
2676
1470
5831
9594
1735
1098
2620
7475
2403
4894
5957
5150
2431
1583
281
8551
2296
9498
7855
4680
8683
8409
6981
2262
4644
2471
8927
4713
807
7381
251
8228
3022
7470
9021
8172
8793
3819
5314
3097
8687
7766
9391
8615
5684
48
9219
1027
4198
1129
3103
8019
738
9953
1994
6272
8379
3036
8987
5582
4798
5696
4513
587
841
8236
949
4685
3008
3041
3796
3284
3994
2318
6826
113
2453
5681
2236
5189
3759
7926
7274
6070
4364
4417
7686
9836
8514
8747
2082
9619
6682
4021
9819
5968
6067
1202
4743
253
5226
7300
1910
5094
5003
2756
7989
5880
4299
6322
5777
2469
7770
137
8009
371
2748
2787
5416
9464
7362
7546
1647
6587
2774
1263
728
7030
1707
8667
4756
6555
6401
6117
8346
3428
7003
509
9697
4810
8340
8224
651
8749
6211
5264
6275
8793
3477
2633
3062
966
5765
3025
7285
5719
9119
8600
7199
3409
2065
4802
6056
1880
7990
4719
355
420
6068
9975
5066
5262
6484
7227
8501
6086
5484
6023
522
329
5840
3368
3816
3364
9971
1954
332
5760
3606
7216
581
3529
3121
9502
7822
9888
2851
6571
761
4339
7491
3638
8920
8203
1241
4638
2002
6076
2686
4433
3955
8355
4641
8474
6905
3368
9507
4179
8713
645
5051
3972
9702
1307
2263
5724
1403
800
1251
9538
9294
4633
9489
9117
2091
7104
5286
1997
6424
4752
7773
9789
8146
924
3949
8064
1887
8668
4582
3808
8498
8515
1954
4491
195
4522
8472
4422
9427
2709
2774
7911
8513
7154
2684
687
9308
744
2229
7429
5666
6831
1206
7280
8008
1789
1527
1570
4022
2361
5239
3281
4792
4541
3332
8149
5532
1926
7841
5863
2914
9028
1985
7771
2885
9959
1243
849
2523
7429
1156
9349
5311
9653
7655
9428
7507
1993
1469
5413
3864
3988
7394
7765
691
7766
3645
9502
1329
7981
4567
4376
8518
1519
4076
7317
9613
4046
3356
3037
8133
2164
5806
8546
2921
3276
1579
124
6520
8910
8961
4206
3029
9059
571
2507
5164
9881
5326
3539
9585
3606
9420
3637
8249
7023
7838
9175
2259
8319
4228
9710
1875
9182
1088
161
2936
8860
1847
8921
9847
9401
934
8373
9266
4121
9428
3443
9301
3639
3568
2681
3897
1637
8812
4282
2636
1346
6985
2675
1790
3476
5256
3116
8010
1017
6820
2856
7106
6788
2081
8401
8418
548
9201
3532
5428
3100
1521
8543
4452
8985
4466
5979
7175
9043
6093
9780
9119
5695
9609
2133
2236
1343
4043
2366
5767
561
1593
3234
6349
369
4610
9328
3844
7144
9003
9140
5560
1895
8049
4733
8470
369
1455
2132
5284
7257
1288
5845
1857
9399
1740
5427
3603
1601
3977
3460
9474
7593
1551
4534
3234
4208
1741
7776
1324
9877
5393
6366
9411
4607
4787
3520
536
7146
9753
605
2543
6363
3295
6087
5396
4751
6005
950
9916
6816
3789
2442
2823
1364
2464
5930
2193
1642
855
8499
5719
8896
2809
630
6616
2058
1591
2653
539
3217
6732
4821
64
8710
8610
1720
907
6026
116
2054
3608
1370
18
5175
4511
5667
8016
6903
264
771
1163
5983
7349
8597
7073
715
3523
8483
3935
4929
2217
5584
3694
8643
9774
4868
9802
3882
3660
2408
5547
7488
4268
2773
7284
365
9566
5825
4208
3102
9889
9025
285
6795
9910
3594
6982
3774
1054
2336
8119
4767
4685
9189
4899
4619
7101
2201
3384
2214
257
574
7948
7318
8841
5937
7805
2272
8155
4119
5092
1431
3127
2939
2329
8954
2146
701
5336
1760
447
2789
9116
8783
8719
343
6043
8238
6242
2026
8200
6669
9214
4497
830
6131
613
2655
9953
3322
1792
3119
4652
9043
3511
9006
8906
54
6320
8939
7436
2145
1363
1740
3124
1884
3598
2508
8089
5149
3993
8551
4163
1467
7077
8724
2565
6274
6092
1425
8362
107
9842
5248
4814
5406
4290
9498
4696
9198
7985
8286
5719
746
2707
2833
2166
8720
9752
3639
7715
7734
645
2280
9740
4115
9949
9902
5980
7540
7978
5302
8443
2526
7641
5618
5848
6906
9163
9351
7197
1489
6739
7736
2871
8994
7385
5702
1050
3463
9524
3214
5442
787
9121
19
834
3148
640
9230
337
3778
7769
1041
3760
1954
7215
3433
1587
4332
3012
4872
9820
5220
6523
366
4297
9802
9685
4021
52
471
2524
8331
6272
2064
3595
3291
6768
8278
4997
1491
5450
7880
9044
8925
1194
2485
4629
7971
4754
5597
3561
3993
8747
6481
7528
8542
7861
3168
2722
7714
7781
5705
6425
9455
8478
8981
8075
5678
7780
41
2252
3336
9261
7588
3665
6651
8757
53
1202
9181
731
739
5178
7087
4862
790
8355
1558
571
5608
5900
5611
9892
7387
6203
9812
4790
1005
8815
2038
301
6168
8993
9602
7389
3324
1645
2443
9289
2073
520
8731
9503
7952
1177
5836
5374
347
9295
2993
5244
886
519
501
1200
6912
1314
330
3151
3257
8719
969
8808
2187
2257
4816
9075
7418
6314
4184
2425
2506
513
381
5800
7941
4020
7563
3546
8006
4971
5419
5842
9870
817
9937
9707
3613
9765
2895
4948
6923
5692
1180
7197
6112
1209
3495
411
6637
5945
14
8044
7261
1959
2399
5174
2818
7134
3658
4999
393
1159
2367
8872
3396
8915
7714
6298
5154
5837
1104
9436
6070
6556
9628
8219
9475
9523
6761
276
2238
82
8022
2654
6026
5287
1858
3220
4659
2368
6988
2798
4568
3325
5394
4797
7214
5080
1051
8290
5072
9935
6791
629
2815
9667
7116
4670
2970
2741
1170
5539
9167
16
2618
9014
3129
8458
9087
2787
1114
958
9371
5102
5213
8362
6285
3626
896
8351
4216
7743
8367
1600
1441
4646
6133
3860
6600
5717
9151
1781
9963
288
6431
5759
8588
471
1377
9347
1190
2655
5676
1913
7028
2312
8807
7363
5415
6678
2318
1444
750
4657
8797
4086
9105
6729
3962
6748
3528
9936
6635
6144
5068
7618
2599
5738
916
9600
8586
964
7340
6992
8011
5620
2336
1172
6100
942
498
2320
7262
2442
687
4432
6049
204
1903
5547
1868
8680
9613
8904
9250
2175
1835
7305
5305
2613
7634
5826
5597
7186
3267
9685
580
7331
4199
8568
8009
2484
953
5782
9314
1239
2584
5871
7425
5863
1
8873
6847
9228
9602
1917
7911
1811
6598
7645
5127
7636
4493
9051
2799
8287
3692
6690
7810
124
2248
5076
5789
2897
8879
3343
9522
9811
3265
7855
8495
7008
2255
4276
3870
7798
4600
4938
689
1097
1597
8196
8734
9027
3183
3496
493
7247
6969
9657
5812
1687
4337
2713
6965
5614
6939
1094
4716
3438
6387
7648
6649
7790
6944
8354
5139
6565
7136
8191
2585
293
5169
8378
4189
2337
7598
5774
4412
181
5242
4744
7744
5621
6595
4970
2568
4852
4292
103
9666
6899
3411
7357
6183
4942
2258
6359
1057
4927
5192
64
1020
6826
8410
537
1544
3245
1527
1971
5689
3032
7680
9387
559
5099
4635
7904
270
3019
858
535
5922
5265
6910
6564
1867
8950
1900
3477
9943
2550
1954
6154
3143
4297
8079
6794
1673
9436
25
9389
1351
1331
5167
4463
5513
394
1747
9204
8476
2399
3528
6344
7217
9546
879
466
836
4262
656
1204
9930
5879
6380
1186
5831
782
7246
3349
5519
2554
7041
218
1019
9334
73
9045
4957
4610
2047
5812
6866
5715
5367
5591
8593
5834
1250
4788
3504
8112
9537
7414
5586
6064
2697
5321
5067
1209
3014
1967
7004
7557
3296
240
8660
4063
1497
9856
3473
51
2945
2967
6575
9991
9411
7051
6342
3012
3255
590
2073
6954
3832
5758
1251
6626
6738
6500
5963
5390
5568
2354
6400
4928
4489
4861
2208
4313
5981
5512
6099
248
5042
13
9095
3309
5249
3994
8637
5005
8253
1966
151
4828
3330
7680
6481
1885
5066
2111
709
5810
1880
8117
1478
9156
333
2084
2287
5001
3654
327
9829
956
5730
6467
9689
2458
1389
2795
8040
434
4650
6079
4575
4714
4741
6564
5496
5899
5135
7194
9683
9538
3393
250
4621
6478
1137
4357
9686
3747
7594
6101
2901
3590
2246
310
2956
4781
1325
6429
2035
5300
8710
6973
2967
7944
137
942
4049
641
6270
2398
1190
1403
8500
8941
3715
3721
9272
3840
2776
3543
8622
6427
3829
5544
8955
2679
9520
9620
3585
8963
5258
3419
6556
4509
5813
4857
2958
7555
3663
6855
3565
4500
6788
6301
6151
9111
8856
719
7625
9017
6209
7239
9195
9418
1065
9227
4883
9063
922
4994
9887
4817
3103
6113
2202
166
32
5346
5101
1337
3745
2518
3180
9673
3537
1047
4977
3548
3442
6951
2606
827
9450
7667
6396
4766
8501
4286
5990
7364
6594
5044
9142
9919
423
4433
8832
5693
7892
8120
2478
5640
6804
2342
908
8425
4614
9582
147
3024
7602
2982
6625
2387
9107
5282
6911
2616
4147
8948
4997
3875
2343
1517
1166
2359
7422
810
2176
1649
1847
5063
6294
6129
246
6431
2092
9737
6474
3073
934
4975
7023
7374
6404
5015
3941
9370
3531
9270
5639
6079
1571
8637
1302
6449
3703
203
9832
2718
8816
8655
2919
5504
186
45
274
2602
2297
5857
8357
4274
2771
8638
8244
7429
6688
7950
9038
4969
2343
8753
1372
1980
4394
7757
5428
8243
6968
6947
1964
2746
6411
1651
9358
1283
9292
2364
3856
8421
517
2267
5091
7183
5317
7614
3443
9083
719
5694
6385
9023
9049
7823
1052
3128
4115
3906
7740
7154
1391
7119
7730
725
5332
8835
283
87
1194
1003
667
2155
9809
567
3633
4303
2646
8199
9871
4048
1042
1378
7811
34
6261
3075
1720
5539
6094
5758
8519
1532
9268
3983
5465
2944
1996
5356
9783
1919
183
9834
1126
1735
3605
2104
3966
3105
3326
9905
1959
4486
7963
8347
1710
4114
9767
4436
1151
3161
3157
9385
8260
7007
9453
4932
531
4189
5709
9672
973
9501
7670
8777
9207
3488
9769
9630
3644
9240
7683
362
8396
2103
7709
8627
952
871
7569
1043
2661
1211
643
1983
6646
8005
1777
7072
5374
4354
6257
9934
9839
5596
6787
1186
8109
1142
8296
5194
5010
6160
8636
1365
4891
5017
5106
6234
7219
1540
1564
4063
7381
3895
3070
2622
7687
8029
5707
3207
9232
7278
8347
7096
3280
8479
4746
1557
1706
8017
3945
8403
5569
1119
9974
7509
4973
2170
2499
3436
5149
642
7999
8625
624
695
5024
3267
6939
1741
3013
3509
4298
2646
3374
1272
967
5166
6139
7308
2005
4507
6027
8658
9534
5423
4306
8837
1979
5610
4944
1289
9028
6177
9825
7645
7908
1124
664
8748
8966
8920
366
2316
6108
4631
5675
9199
575
9717
355
3681
9941
925
9935
3654
3274
8108
435
1762
2097
5967
2498
9580
2537
2060
6424
2207
7188
9127
5417
6972
5789
2570
7185
6578
4543
1493
8373
758
1104
1727
4892
3140
9585
3387
3093
6983
3285
697
917
5179
8646
7864
4713
8372
3973
9494
9022
2999
68
5911
1121
9997
9671
5851
9679
7773
5977
1523
9342
5592
8441
8940
9901
408
6226
40
5857
6983
103
3297
3446
4243
6734
3441
9861
6310
7237
7558
3120
4842
5438
5746
9000
7594
3088
3997
2139
1651
6038
2428
8895
1663
6442
6712
9312
5790
9713
6139
6378
4084
2218
9588
1436
8603
2881
6533
3341
7049
3394
5988
7650
9241
1221
8416
2586
4682
7960
165
7947
914
5797
4713
6984
4891
3000
2585
8603
4857
8528
1941
1260
9208
5720
3823
3816
7424
5381
3116
7177
6424
7129
3028
1258
4811
9628
1877
6818
5669
3955
6471
4735
9119
6850
5747
5400
3354
3902
2485
6355
411
3409
4972
531
9236
3096
7645
9933
8127
2220
4233
6592
4994
6345
3170
3581
4459
4276
9868
5897
2335
9690
6619
5723
3850
1838
1335
7497
7175
3172
3590
3976
9059
5366
8925
1285
4662
8280
9782
5817
1574
7196
1369
9441
2929
3379
4727
3692
8767
2982
2938
9660
8846
6181
1874
329
4512
8610
2638
646
3238
7701
246
7802
3249
4514
5024
8401
5738
8269
2526
70
6827
1668
5972
8756
150
8762
5126
9943
8572
8995
9962
9330
3081
2156
710
7265
7963
296
9260
3197
7225
5403
950
1044
3527
5220
292
2888
8174
1711
1401
6436
7877
8474
7389
3559
6303
8366
2984
5394
3128
3549
1117
8188
1727
4185
2476
88
1464
7643
3592
6554
5869
7209
8704
7501
7636
6319
6032
4136
4828
5544
9967
2845
3656
2833
4428
2152
9869
4623
5062
476
6367
1029
1074
1958
2482
6500
5035
4419
2076
4136
7456
2774
8609
5242
5977
5357
8317
8353
1984
8220
1433
1345
9834
8110
4597
7056
721
3073
3426
1921
8035
6245
9461
3038
9013
7184
8245
8177
139
4148
1267
7962
1693
5258
2011
7759
8785
8086
4774
787
8183
2173
1456
8849
433
4027
5777
4173
5279
4002
1196
5049
1023
5954
2702
7493
5638
1112
2840
9564
3999
1301
6281
1216
2796
3824
5854
1488
7009
9800
379
5615
5577
7446
6865
2372
3688
2554
9680
7646
3182
3829
5346
1826
8877
7489
7567
9507
5059
2921
5884
8345
5386
4105
7341
6527
8025
234
2820
4769
1737
5653
175
4061
4158
2530
9632
4920
703
1875
3675
694
6276
5186
2024
7295
313
2275
6171
3609
4290
7006
5612
5018
7086
8731
7955
9938
1372
3003
17
9518
2768
7835
2526
8266
2893
4580
5327
5945
7780
3047
2758
9771
9075
5527
8571
5785
6388
8322
2255
5715
2556
2972
5687
6092
5350
5384
8144
8536
2153
1961
873
7271
7544
2824
510
6289
9787
8177
2392
5728
9582
587
2758
2827
7754
6806
4850
2878
7255
9900
5055
5161
9392
235
4991
9685
3905
4761
3344
7922
2679
5760
3648
3289
229
7554
8440
4774
3203
3669
5565
84
5136
4442
4333
7989
520
9699
7355
461
7277
5770
3391
7631
6517
5860
3083
7188
51
270
5523
9845
4397
753
4488
2192
2297
9925
4055
282
5451
3964
5025
3732
3748
4509
9417
4179
8505
1117
5272
5261
5372
6805
2325
9351
6934
6631
6872
6723
5455
2046
5871
6943
6951
5215
398
5494
9022
1052
5764
2445
4033
7367
49
369
1955
6253
6574
9841
7126
5002
8451
6027
9721
404
4931
5963
5018
9944
9619
9685
1541
7749
9377
3994
9778
8021
7948
7358
5745
7636
5775
3884
3564
4856
6294
8016
1075
1996
1892
8229
6342
404
2364
5466
8971
8975
2535
309
8691
4748
3864
6679
6084
2229
9342
3860
7090
8211
3414
5995
6039
7877
9186
3661
2990
7371
4823
9395
3883
4212
9580
8997
1447
7734
8005
4999
2689
602
7336
290
3470
6108
7412
5160
2754
8106
9166
9758
5163
2626
1698
1993
3607
7887
7598
7670
8395
8736
7936
81
8516
3039
5809
7131
3128
8306
8645
6978
563
9457
199
6729
9405
9309
6456
7059
6522
1488
7442
5094
5309
8199
8340
8804
6231
9946
692
718
9120
7313
9733
1133
7930
7458
2151
5003
6170
7670
2072
1576
2971
6478
5020
9437
2359
6326
6409
9825
7641
8178
4252
3866
9460
8919
9378
9062
2233
4324
3105
2763
8008
4495
9526
429
1629
9404
1643
7366
8956
1500
1849
4600
1166
5001
4124
1285
2304
7720
30
8919
6826
8111
6664
6836
642
2152
7141
1542
2675
573
2283
4137
7275
38
3122
2882
1251
8441
7087
453
5160
1690
1412
7113
6127
6091
1531
7582
6127
6649
732
3354
4766
6022
1954
7090
3848
8310
3242
5063
2135
8134
8896
6161
1647
2262
1815
5478
4223
405
8922
7561
435
827
4996
6118
5455
5584
5429
3591
1487
418
5280
351
2199
1627
7768
226
9349
5483
1145
3057
1584
2388
1950
6132
180
237
6862
9955
9138
982
6161
1678
7623
1029
4946
8894
8182
4792
3947
2948
7425
1684
9780
7398
8892
9647
1885
3932
2839
5322
9903
8628
3334
5245
147
116
3299
6007
4181
4931
5134
98
2151
7491
2040
3341
945
5273
5015
9581
2064
1843
5898
3052
5551
7624
4492
9716
904
9039
2103
1710
7215
6582
6156
8524
8972
4229
7801
8404
3252
3239
5672
7148
6227
1472
35
2554
7898
5286
3765
1257
8336
1420
6928
1778
2303
7875
5697
7548
7229
8340
4546
5944
3813
8573
6640
8023
5970
1050
290
1925
3852
5783
8397
4643
9521
2389
1691
949
3405
4628
3270
824
4216
2458
1472
9201
4407
873
3311
8166
7504
350
8974
1144
51
8256
7014
6380
2939
6939
7640
6485
8260
432
3401
6684
3941
8136
5866
6390
5847
7097
7762
8293
5842
9013
8033
9467
1432
1601
360
5852
6062
5015
8877
15
502
3577
6942
5063
6997
8499
7809
6404
5844
9566
8250
6894
4815
2737
4719
8116
9084
8129
2026
7397
7053
8155
1592
6588
1691
1579
7061
7815
4936
3771
8297
512
68
7294
8505
7843
9160
1258
1025
5235
4623
1660
7681
8494
7614
8273
844
4316
3792
6530
6531
2479
4125
4308
7588
353
629
2970
7915
4713
8911
4440
9368
2211
3656
1250
4577
8357
7856
3632
440
4850
3818
4834
8665
7282
1235
5387
2064
8352
8416
6848
4414
4753
7253
468
1660
9482
8495
2447
7726
8715
8031
2086
3214
6746
9107
5809
409
7080
6861
5242
4001
8826
2700
4439
5795
308
7747
5683
5643
8928
4381
7877
3026
4110
2725
1093
1847
9869
1254
9201
6953
4967
8542
9638
7639
8824
1726
1844
2694
1937
7959
531
6708
8428
4245
1085
2478
8042
3845
2863
3397
7431
203
5880
9152
6482
196
3214
9759
5878
5855
2237
4381
7627
453
7112
9210
5995
1293
362
4836
4280
5908
9480
6754
9302
3716
2883
264
7383
1663
4001
9430
6452
4691
3584
7335
9633
8008
3431
4754
5340
9786
892
4915
251
4118
5398
969
688
9087
4055
36
976
8560
5125
3308
1977
6803
9973
4915
1405
1677
3766
3606
6208
6167
9976
3164
4266
735
2947
5997
8640
5858
7251
8483
5615
3585
961
3536
9964
2034
8372
8325
3353
7490
3099
7759
1761
6859
3999
33
4037
1861
7356
8099
169
9100
4866
1730
5195
1792
1394
1951
7030
7998
7089
7502
3859
6586
9661
4318
1735
2877
7123
865
9609
9026
7602
3013
226
7261
4147
3874
1492
6833
3045
8904
5640
749
1959
6986
2846
8842
2681
196
7026
7049
4806
2098
6422
6453
2608
5398
5332
641
6644
3845
3285
5006
7927
4723
6716
273
9866
9371
8107
3823
6779
9932
2217
2079
2223
343
9155
8824
1202
4630
5786
546
1687
4152
3322
6215
7827
6700
1388
6306
7256
3299
994
3894
9450
1918
8554
2340
1488
493
2432
3659
6804
4089
8532
2393
5039
320
7773
4334
3312
7660
9260
199
3733
665
3
8855
2029
9332
7688
3112
9692
5300
3926
1799
2987
954
6671
8453
7323
7081
8573
3707
6728
6831
5436
2913
521
4830
398
7505
2784
232
4200
1364
5156
5991
1086
3866
4555
7289
8219
1723
8922
8225
5265
1742
5978
1261
7399
3608
78
4102
2903
2543
5218
2032
6182
6259
1866
7901
9708
7640
2533
551
2728
6961
5005
1627
3795
5483
8800
155
8463
7970
4376
3681
2769
7302
1412
5222
3406
1587
3742
4491
1019
7377
9696
9369
9470
7900
161
5756
8586
1059
8058
5055
7686
8916
4039
6944
2454
9146
7822
5111
2139
7246
3902
5051
9552
1233
7389
8821
4061
7458
2885
4212
2910
9731
5464
9573
1190
7666
994
2020
2298
3402
305
2648
4880
968
3201
2200
9835
617
5570
3554
190
2211
5669
7774
4705
855
728
3394
8977
1113
674
3512
2373
7057
3174
2065
6624
8630
9007
4086
6798
7045
3110
4004
668
6724
9922
487
79
8487
1886
8933
3058
2133
9847
4038
1409
5947
106
1211
7814
289
2430
3507
5778
7190
8652
4547
2598
2793
5394
2188
8490
1642
7444
8590
2604
9585
716
1493
2317
7769
8698
5717
3357
5345
2642
6093
1869
7637
1962
3574
5483
5998
5518
4071
7606
7568
9436
2598
572
9023
903
5931
4334
8436
251
5781
2409
6919
7981
1213
2870
3902
2227
448
9975
3989
9264
5368
4460
9627
9903
4867
1258
1
155
2269
5050
5066
8499
1468
5267
4068
8391
4753
4137
9250
6277
4867
7099
7111
3566
7274
2164
5427
6698
6557
9315
5262
2283
4724
7478
940
1243
883
9845
324
9696
1483
7406
9574
1329
2345
3651
5632
6031
4600
9356
2836
9173
1967
3755
3231
498
81
6704
5971
9446
9401
5665
8179
3319
3525
8581
5947
6101
1587
6235
9377
6809
1189
7343
2482
284
8922
3871
6106
8441
4845
2658
5616
8143
5941
8778
8876
6861
9530
8578
461
3626
2789
1595
4391
3169
5369
7726
7559
4082
5244
2426
9787
5266
6409
4959
4902
4663
4664
3227
1427
3011
924
9125
7670
9770
2964
5709
5660
3646
6931
9194
9335
5429
3501
4583
4846
4398
1633
9264
887
2368
3463
2351
5307
5957
2390
2887
4964
6864
9815
9912
7383
4849
5162
392
7752
2402
9769
4039
3496
8967
999
9766
5955
4826
7832
2431
5370
3182
2477
4928
3114
7506
4428
7073
7559
6586
6873
1870
3098
8243
5885
1280
7209
6702
7991
2285
8145
5275
876
6650
7032
7215
4448
633
7508
3819
5103
9477
8834
8153
4358
3401
8678
7952
8549
6489
7944
4792
4379
6605
3344
9737
232
7909
5027
5042
7587
2482
923
6861
5345
3064
607
5745
8668
912
6719
7766
4366
8421
3858
9521
479
4431
6755
6967
595
6653
2862
5256
118
8476
319
3291
9764
2201
4864
8713
8304
297
2448
34
7090
4728
8372
9321
4421
6511
817
581
2159
122
2408
9956
7733
7066
6599
5801
2644
2434
9625
1854
4577
185
4983
2020
3810
987
3923
7365
1241
6780
9306
2894
1353
8677
4620
5957
6594
724
346
1895
7455
3814
1515
436
7667
1899
2955
3276
1107
3542
4366
4996
7523
7815
202
4967
5202
7513
1872
4569
4631
5927
6556
4916
1058
8724
3710
8311
4060
6551
6672
2861
3951
6488
8793
7366
1863
9013
7974
7632
5954
140
7494
1609
6437
3202
177
2385
7057
8517
2496
3361
8838
9122
1326
5961
4774
771
5405
1115
3583
3951
9166
5135
5689
391
2598
9295
3117
9371
3467
3120
1487
5128
3954
513
473
6534
7665
1939
4532
4089
2932
4906
6260
7198
7897
4547
7664
2870
2445
1981
1490
3316
7267
8680
9263
2795
2863
1638
9329
8848
6405
9977
1089
7880
5598
5872
6916
9906
1742
2864
8784
3180
3534
8365
7956
9118
6007
1649
3694
9478
6525
3209
2012
645
7206
7832
7319
4634
9586
5703
8966
5832
2554
4755
377
3992
5700
1362
5333
1041
4852
7824
6247
4201
8556
9294
5205
7588
9697
1546
1268
5541
4180
9081
2852
5062
1589
9995
7207
2513
7132
1583
7058
8
2018
3200
9519
7971
8691
3304
4981
1409
1724
5237
2569
7826
9768
6194
1863
5503
9671
5814
2197
43
869
541
3741
9521
7578
207
9595
1246
5100
2918
3872
8738
6847
2210
9854
5141
9685
9017
4127
5257
4456
5244
8115
7180
2089
6982
9913
865
1203
6182
2144
6623
7648
1189
3312
318
2144
7820
3910
7225
4567
1703
5173
7533
7507
8221
8277
298
8953
7028
7761
4439
8487
6292
8053
8517
8369
9416
4551
1562
3359
7040
5959
410
3005
7955
5273
7795
349
6899
4790
3764
4694
2685
2140
1534
4322
8718
9364
6047
9727
840
5264
9388
6536
5296
6410
376
9147
8840
2134
3981
5762
9244
521
5915
8709
9018
8107
2046
6351
1569
6028
3954
8375
1392
7908
2537
2142
2475
7721
698
1999
6086
3446
8270
4894
8320
7287
8252
3382
4982
9801
1329
5596
6300
5931
2140
3747
4343
9427
2259
3600
1548
4261
1092
7453
2697
5739
5857
3560
1161
5113
1265
2556
4912
2593
8587
658
5778
5238
103
6522
7325
7918
1629
3222
934
1783
6247
125
2410
428
4243
3829
3783
998
2878
2944
4647
6391
9750
2687
7756
2498
1731
3222
4550
9800
6606
764
5500
2386
7296
8790
4937
3953
7564
6764
1553
2873
478
7715
5933
4508
1677
3790
6978
2027
914
6503
4787
1632
1410
3963
904
2982
5587
7208
6341
8635
8651
858
9927
3326
8969
7860
8561
5202
9862
269
4916
2045
7939
2548
9084
1947
6692
528
8507
738
3145
6435
816
7777
1824
63
2081
99
6358
1296
9036
1621
6261
2005
690
2568
292
7623
4734
8065
2570
7622
7800
5983
218
9895
9517
7257
2721
4794
9659
3822
8420
118
6536
8158
6427
6403
1462
6079
7628
955
5178
3001
1517
8189
8388
4841
2740
2765
7281
949
6310
5068
7386
9876
3342
8858
6088
9013
8604
6136
3114
3178
4041
5969
2044
3676
816
9139
401
2645
5476
9284
5503
4355
6994
8378
2131
6311
5562
3922
5976
6512
846
6644
949
664
5675
6283
6127
4974
9343
6128
4159
5685
7375
7437
9398
595
9644
9044
8440
5334
1825
8896
2885
2159
6457
4328
7092
5567
6909
8554
8437
5871
5021
4587
1000
2683
6826
6263
4461
297
6325
6932
6331
4576
4319
733
7952
2891
3259
3992
9144
2640
4630
719
3143
8048
5831
7100
7855
6445
2731
1639
2217
2457
9045
7075
6212
3795
5765
2905
1996
1038
7878
3654
6601
4524
6190
127
8201
8213
446
5863
3152
4762
2998
899
9395
8972
2337
51
9628
3076
2421
713
4850
9104
9391
3939
2772
5495
1226
6398
785
3314
7299
2417
9372
6271
8849
4405
704
2133
2143
3136
174
7605
3455
3158
7300
6171
3985
2006
4613
6983
8716
7632
2099
9178
6527
503
8361
8126
599
7851
6958
3598
6331
8176
8816
400
4425
613
4794
9328
8349
8631
4910
1200
4075
27
3081
8869
1066
4668
4443
6321
2948
9111
2602
5777
6229
451
8878
8039
9865
748
5406
5425
4540
666
6824
7208
7002
3696
3346
6040
4750
8210
8459
266
8702
801
3190
4880
3884
1984
3773
5204
2839
2759
279
3880
8906
832
1719
513
3217
3863
4414
8247
8458
2899
1955
3667
1650
3941
9493
3104
5445
2721
5289
8327
1254
8998
1652
5671
8869
6207
9806
9932
9563
1913
1374
1654
6458
217
9016
7835
1891
7197
4488
9873
9880
7739
9673
166
3462
721
5512
9145
6636
3207
9204
3373
8778
421
135
4904
9803
4238
4665
9118
5807
9168
7276
4825
5943
6439
4085
4453
4221
8698
1130
8422
212
1288
9660
700
5797
1913
9007
5293
4251
4170
659
4424
3069
2192
9148
703
785
539
8011
4742
8278
8640
2404
9330
3142
7254
460
5510
2776
815
9375
9175
6593
4200
6872
5572
560
5445
7639
1476
3724
2515
891
9297
3023
8111
2876
3763
2537
9333
2498
1619
9244
5687
3334
1978
7170
721
8540
7724
7806
7945
7591
7215
8766
9909
8235
2844
5943
2804
9642
9618
2248
5337
8032
1840
2068
3061
1039
4225
1570
474
2198
1821
7201
3884
4754
9952
4871
227
4286
6228
9498
7757
7423
2976
3519
9804
8133
3320
6260
2308
2295
2897
7508
7456
8079
9189
8950
1567
9638
8300
9020
492
1466
9898
5075
9481
1178
4478
6076
614
5118
8483
5531
7489
3129
1209
2433
3276
8194
6655
2138
1369
9653
1291
1360
5322
9218
9801
6153
8150
5826
8976
8730
2106
1886
3521
3686
799
1899
4197
9086
7718
6100
8693
2667
1597
1217
8618
6731
8716
1100
2138
8831
3401
1871
1367
4792
5844
1441
8508
4030
1036
3038
866
8068
2446
6272
9702
816
6889
4017
1793
9575
2
4119
180
637
6352
1337
4280
4602
6478
8139
7577
8283
6847
386
7437
6101
1620
119
6592
7843
1182
7598
5665
6801
4013
937
1652
3030
4588
5067
1445
3763
7643
4898
2374
7547
8305
1105
3053
1311
7696
4548
4725
7585
2855
935
705
2661
3910
153
1650
370
1129
3580
6215
3373
686
3506
919
9520
4840
6326
1394
1078
6059
7669
1238
5942
140
3584
6546
882
295
8791
9420
2798
5142
513
5442
7449
6389
7664
86
605
6812
355
5808
9228
2073
3047
8009
6247
5450
6153
7242
6142
2337
8010
98
9189
8156
1585
6386
1948
8134
1193
2944
3579
8657
601
9504
1236
3018
4365
7199
2790
7615
4782
8640
7331
5898
2703
8684
7569
186
3650
1912
4764
254
4599
9189
5894
7226
7834
2851
5260
5926
5149
677
8910
561
322
7204
6795
5163
3115
5514
9000
4330
5819
2900
6073
4191
5195
6775
9316
8016
923
2389
9597
9370
2008
7469
3115
8714
3731
7172
3579
2929
558
1293
9254
822
7984
7365
7964
2
4849
9488
3611
2776
5057
9929
8511
2031
6982
6902
9204
