8338
2763
8607
4798
8742
733
2367
5225
4373
9653
5313
5396
6547
3241
9395
5511
1075
587
1127
941
1211
880
8699
3669
7985
3732
1689
7838
5350
3457
8481
3228
9155
5765
9164
1977
524
7797
5762
8464
1948
1118
2569
1066
357
4212
4517
6135
3480
5802
2569
4762
1062
377
7634
6542
5054
4421
9285
4384
9608
1813
4566
8622
3328
7303
114
2387
190
9203
8678
5474
6142
7491
1267
9956
703
5611
7794
262
9225
4482
9343
5166
1788
5894
9347
9830
7033
4322
3515
6596
8811
918
3241
404
7795
5343
5944
5778
4480
4728
3136
999
6641
898
3586
260
9395
9860
9335
7678
4321
8663
7880
1116
4171
2791
4470
3567
1622
877
7246
8732
3170
4550
6678
2128
5665
6715
4608
6607
7031
199
3746
8894
1282
2340
1736
6764
8770
9670
156
644
1429
8810
1313
5458
3169
5897
527
4683
8972
9317
5620
9701
9533
8664
3189
5094
8846
9955
1033
4540
9746
5629
2161
4501
9886
31
7855
2389
6835
9766
4462
7668
499
3179
3435
1550
9629
8302
7735
5844
3738
1991
9701
9992
7774
9970
2102
2306
8175
2343
3553
5614
7461
3135
7473
9263
465
891
4980
1200
4525
6738
7359
8444
3299
3794
5048
9095
6766
226
7771
2951
3568
2243
4097
4933
8631
6841
7235
8793
3681
4677
7902
8030
4816
6849
5655
6157
3282
7261
2798
8394
1088
1770
7069
6891
7152
2187
1150
2567
66
7200
4006
8505
7323
9420
3417
2418
4101
2311
6487
795
7580
435
4983
8870
2467
3112
5932
5457
7790
4076
2641
841
2177
9950
956
9038
1551
6932
9320
1003
9241
436
8004
3630
7661
2521
1172
3655
3183
6575
407
994
1535
3983
5970
643
1961
1153
7831
1942
7229
4966
74
1752
4595
3896
6616
7439
3178
1165
5033
8830
8253
655
1412
1345
1419
6285
899
3254
4133
5339
1009
8464
933
7351
179
3812
5264
1421
2056
5044
1391
4875
5096
2383
1104
1675
2728
3711
3173
5045
2871
9800
2207
6984
145
3973
8951
7932
9462
5212
3522
3187
1506
5535
1685
237
919
2693
8534
8764
5746
1832
9684
9705
3967
226
6495
314
2431
3007
8181
2490
6978
8744
5117
6914
1879
5095
25
5538
4515
9572
3270
1856
5932
1189
955
3742
4127
1302
1631
4404
105
7162
1746
7404
8373
9885
5030
3529
1471
9858
8819
3373
1227
2481
7200
2241
1701
2996
9638
1283
330
1849
2923
1750
4960
3063
2894
9871
6328
925
9771
5264
5109
2978
191
9748
7627
9327
2707
976
2241
8603
8653
2746
9277
8890
4463
2180
2353
8235
2837
100
7179
2540
5033
4082
3060
4982
1044
2362
7782
3520
9033
2317
3926
5163
2068
1335
7406
3142
1718
9108
611
2892
8537
4446
7710
3893
3437
7288
7793
1802
7223
2171
7533
2370
7956
6488
9736
2857
9090
2465
7340
476
4535
404
1487
1973
1467
9659
3137
9754
7269
8060
8159
6840
6933
467
7932
261
