9991
9988
9973
9950
9948
9940
9865
9813
9790
9789
9768
9765
9758
9748
9741
9741
9695
9688
9670
9653
9627
9580
9574
9562
9535
9516
9508
9478
9476
9473
9460
9443
9403
9391
9385
9371
9351
9340
9335
9303
9289
9276
9268
9246
9241
9240
9223
9206
9200
9166
9159
9133
9086
9086
9047
9034
9007
9006
9005
9002
8966
8953
8905
8891
8880
8860
8860
8844
8832
8818
8800
8799
8779
8736
8652
8646
8625
8620
8604
8576
8574
8562
8538
8480
8471
8459
8346
8264
8255
8242
8241
8191
8175
8134
8128
8113
8111
8083
8080
8079
7976
7974
7974
7933
7924
7909
7902
7887
7873
7855
7849
7835
7812
7774
7773
7750
7716
7674
7672
7664
7643
7629
7609
7598
7586
7563
7526
7526
7524
7469
7454
7438
7432
7417
7387
7364
7334
7295
7271
7245
7229
7165
7154
7139
7135
7120
7109
7085
7074
7074
7072
7069
7066
7049
7037
7004
7004
6986
6969
6968
6967
6953
6944
6932
6931
6856
6854
6836
6808
6782
6746
6742
6722
6673
6671
6654
6644
6612
6601
6600
6513
6504
6483
6482
6408
6386
6374
6348
6331
6281
6257
6246
6209
6133
6105
6102
6082
6082
6071
6065
6015
5972
5961
5951
5924
5914
5860
5835
5826
5790
5761
5721
5706
5679
5661
5618
5594
5576
5563
5562
5552
5470
5462
5459
5354
5309
5188
5168
5143
5128
5116
5106
5084
5076
5076
5054
5050
5022
5020
4990
4976
4964
4911
4876
4875
4868
4861
4847
4841
4833
4833
4801
4791
4760
4738
4733
4710
4705
4673
4645
4577
4566
4535
4483
4468
4463
4433
4402
4338
4324
4320
4300
4288
4267
4262
4200
4200
4171
4147
4107
4079
4071
4058
4009
4004
4001
3990
3962
3961
3959
3953
3943
3915
3901
3839
3821
3808
3802
3801
3771
3751
3736
3732
3727
3722
3721
3718
3713
3700
3699
3682
3673
3671
3660
3657
3629
3603
3601
3598
3591
3588
3574
3549
3532
3517
3511
3509
3497
3450
3448
3436
3427
3345
3339
3312
3309
3304
3286
3273
3241
3240
3215
3155
3136
3134
3080
3055
3048
2986
2981
2979
2938
2919
2900
2900
2829
2824
2815
2806
2790
2789
2786
2782
2782
2781
2752
2743
2733
2698
2649
2635
2620
2592
2591
2567
2555
2535
2533
2523
2516
2504
2487
2479
2473
2456
2428
2424
2419
2416
2412
2403
2316
2296
2273
2241
2232
2205
2196
2155
2090
2061
2022
1990
1941
1920
1894
1867
1846
1827
1799
1785
1742
1717
1677
1674
1659
1654
1636
1632
1620
1609
1602
1582
1568
1559
1554
1516
1512
1509
1498
1490
1476
1473
1472
1471
1454
1431
1359
1331
1330
1330
1328
1324
1318
1297
1253
1233
1205
1165
1062
1058
1056
1053
1046
974
971
949
945
940
920
883
882
882
874
869
860
823
765
749
693
635
623
597
559
556
521
504
472
454
425
406
400
383
356
326
262
261
230
226
219
190
183
152
137
132
113
97
69
64
26
