53
61
115
115
119
126
171
173
185
206
232
259
297
361
396
397
417
422
438
438
441
444
449
456
459
532
538
543
573
590
607
608
612
622
669
716
759
818
854
856
862
864
878
889
921
956
974
998
1010
1019
1022
1022
1046
1048
1076
1086
1107
1109
1142
1142
1162
1190
1211
1215
1225
1253
1259
1280
1281
1309
1321
1339
1376
1444
1476
1608
1630
1663
1670
1693
1705
1748
1753
1806
1809
1813
1824
1852
1864
1891
1910
1940
1951
1999
2054
2077
2081
2099
2109
2120
2140
2148
2178
2197
2202
2218
2220
2230
2233
2252
2258
2271
2276
2301
2304
2316
2319
2354
2376
2408
2425
2430
2435
2476
2504
2504
2518
2528
2546
2577
2583
2584
2594
2602
2621
2624
2641
2665
2680
2694
2696
2700
2705
2717
2718
2719
2722
2741
2750
2793
2793
2794
2818
2829
2836
2862
2882
2885
2900
2918
2923
2923
2930
2964
3012
3145
3156
3171
3185
3192
3196
3233
3235
3256
3287
3308
3329
3358
3375
3386
3394
3410
3426
3490
3522
3575
3581
3583
3595
3596
3654
3687
3693
3726
3747
3783
3813
3829
3831
3860
3881
3910
3911
3940
3941
3956
3975
4022
4033
4074
4074
4079
4096
4106
4117
4171
4188
4217
4228
4248
4257
4284
4284
4291
4307
4309
4325
4337
4340
4391
4413
4512
4530
4552
4599
4683
4688
4722
4729
4838
4845
4866
4884
4916
4929
4930
4937
4939
4950
4951
4966
4980
4993
5011
5025
5029
5040
5045
5047
5061
5105
5117
5124
5124
5126
5134
5156
5183
5207
5216
5245
5253
5276
5353
5470
5524
5526
5594
5597
5605
5622
5622
5634
5664
5689
5693
5693
5710
5711
5726
5730
5731
5772
5785
5787
5791
5801
5824
5829
5850
5877
5927
5929
5987
5990
6005
6049
6071
6088
6130
6132
6145
6156
6217
6240
6298
6311
6368
6394
6398
6409
6411
6420
6464
6480
6502
6519
6563
6579
6579
6586
6596
6648
6664
6664
6699
6707
6721
6722
6774
6811
6816
6830
6832
6847
6852
6892
6908
6928
6931
6993
7024
7038
7041
7103
7120
7122
7132
7159
7182
7195
7210
7242
7289
7328
7349
7371
7372
7387
7397
7409
7456
7476
7498
7502
7511
7557
7573
7600
7617
7627
7677
7705
7707
7708
7715
7722
7749
7761
7771
7773
7796
7864
7886
7918
7921
7936
7954
8042
8051
8053
8061
8147
8159
8196
8198
8204
8213
8223
8231
8233
8263
8271
8298
8300
8302
8305
8307
8319
8335
8336
8383
8383
8391
8422
8425
8442
8444
8450
8467
8481
8496
8504
8542
8560
8578
8596
8607
8611
8625
8660
8662
8692
8699
8701
8707
8744
8773
8784
8814
8849
8886
8934
8948
8972
9024
9029
9052
9118
9134
9178
9181
9192
9228
9263
9309
9322
9334
9390
9400
9416
9440
9486
9489
9549
9553
9562
9567
9604
9616
9631
9634
9666
9673
9679
9680
9696
9703
9808
9813
9816
9831
9850
9852
9876
9917
9919
9926
9954
9979
